jMRUI Data Textfile

Filename: /Users/Georg/Documents/MATLAB/osprey/exampledata/nifti-mrs/derivatives/jMRUIFiles/ses-01_mrs_sub-01_ses-01_SVS-ref.nii_jMRUI_REF.TXT

PointsInDataset: 2048
DatasetsInFile: 1
SamplingInterval: 1.666000E-01
ZeroOrderPhase: 0E+00
BeginTime: 0E+00
TransmitterFrequency: 2.972199E+08
MagneticField: 6.980763E+00
TypeOfNucleus: 0E+00
NameOfPatient: No Name
Spectrometer: TrioTim
AdditionalInfo: jnear


Signal and FFT
sig(real)	sig(imag)	fft(real)	fft(imag)
Signal 1 out of 1 in file
0.00445716	0.00000000	-0.00122433	-0.00163498
0.00669587	0.00005993	-0.00108261	-0.00026681
0.00591812	0.00010595	-0.00142471	-0.00018773
0.00628054	0.00016868	-0.00137347	-0.00001709
0.00592982	0.00021238	-0.00144727	0.00018786
0.00614462	0.00027516	-0.00122916	-0.00000361
0.00592953	0.00031873	-0.00065013	0.00135402
0.00606048	0.00038020	-0.00042227	0.00118385
0.00588403	0.00042203	-0.00078404	0.00123010
0.00596906	0.00048186	-0.00089214	0.00122985
0.00581935	0.00052224	-0.00079968	0.00137873
0.00587657	0.00058044	-0.00080197	0.00136624
0.00575248	0.00062022	-0.00080500	0.00140114
0.00580058	0.00067797	-0.00074501	0.00139015
0.00569306	0.00071711	-0.00060742	0.00123056
0.00573302	0.00077433	-0.00056383	0.00109851
0.00563437	0.00081242	-0.00058898	0.00107176
0.00565650	0.00086736	-0.00049420	0.00105261
0.00555520	0.00090279	-0.00049679	0.00104197
0.00556820	0.00095613	-0.00050703	0.00103115
0.00547952	0.00099147	-0.00048032	0.00092289
0.00549305	0.00104477	-0.00042630	0.00098387
0.00541198	0.00107963	-0.00045155	0.00108275
0.00542121	0.00113202	-0.00042920	0.00104313
0.00533943	0.00116491	-0.00033361	0.00109572
0.00533803	0.00121475	-0.00027354	0.00106651
0.00525763	0.00124605	-0.00031371	0.00104352
0.00525125	0.00129429	-0.00026949	0.00106380
0.00517783	0.00132546	-0.00017728	0.00101472
0.00516685	0.00137204	-0.00022544	0.00103643
0.00509537	0.00140200	-0.00015901	0.00103606
0.00508944	0.00144948	-0.00014862	0.00106181
0.00501668	0.00147743	-0.00007839	0.00112895
0.00499949	0.00152113	-0.00014848	0.00109252
0.00492466	0.00154665	-0.00013733	0.00111920
0.00491031	0.00159056	-0.00008311	0.00107559
0.00484891	0.00161877	-0.00007432	0.00110439
0.00483980	0.00166402	-0.00005578	0.00106778
0.00477723	0.00169046	-0.00013479	0.00100096
0.00475622	0.00173108	-0.00002249	0.00105367
0.00468346	0.00175223	-0.00001068	0.00103402
0.00466239	0.00179207	0.00004656	0.00109264
0.00459585	0.00181387	-0.00000723	0.00112658
0.00457940	0.00185492	-0.00002128	0.00115731
0.00451578	0.00187638	0.00006039	0.00120213
0.00449556	0.00191533	0.00007298	0.00115876
0.00443283	0.00193566	0.00007024	0.00115056
0.00440887	0.00197237	0.00007174	0.00110411
0.00434587	0.00199105	0.00001201	0.00114743
0.00432133	0.00202680	0.00003923	0.00112734
0.00426052	0.00204500	0.00007860	0.00115390
0.00423597	0.00208007	0.00013976	0.00112029
0.00417850	0.00209847	0.00008690	0.00116239
0.00415409	0.00213298	0.00008816	0.00112575
0.00409620	0.00214980	0.00013196	0.00113601
0.00406656	0.00218088	0.00012383	0.00115193
0.00400228	0.00219276	0.00021758	0.00113710
0.00397080	0.00222194	0.00018116	0.00120379
0.00391549	0.00223725	0.00018643	0.00113747
0.00389055	0.00226942	0.00015933	0.00109992
0.00383762	0.00228483	0.00016703	0.00115030
0.00381076	0.00231528	0.00022888	0.00121660
0.00374995	0.00232454	0.00026379	0.00116410
0.00371813	0.00235114	0.00026598	0.00112098
0.00365632	0.00235812	0.00025297	0.00117301
0.00362304	0.00238284	0.00022963	0.00122663
0.00356694	0.00239195	0.00023337	0.00123397
0.00353742	0.00241833	0.00031877	0.00114027
0.00348649	0.00242959	0.00032643	0.00120998
0.00345892	0.00245666	0.00027434	0.00121304
0.00340515	0.00246462	0.00027536	0.00125240
0.00337092	0.00248611	0.00022824	0.00119735
0.00331560	0.00249144	0.00027623	0.00118305
0.00328480	0.00251461	0.00028221	0.00119903
0.00323354	0.00252158	0.00030709	0.00123571
0.00320399	0.00254499	0.00033769	0.00118726
0.00315144	0.00254958	0.00034261	0.00122531
0.00311456	0.00256620	0.00033863	0.00120067
0.00306164	0.00256894	0.00038686	0.00125893
0.00302449	0.00258425	0.00037564	0.00120488
0.00297350	0.00258708	0.00040693	0.00122596
0.00294230	0.00260657	0.00034063	0.00118006
0.00289440	0.00261074	0.00038077	0.00131218
0.00286317	0.00262942	0.00029283	0.00119026
0.00281455	0.00263159	0.00038257	0.00122556
0.00278407	0.00265019	0.00043447	0.00125449
0.00273230	0.00264793	0.00043098	0.00127236
0.00269913	0.00266305	0.00040219	0.00120610
0.00264571	0.00265748	0.00034333	0.00119824
0.00261171	0.00267072	0.00039661	0.00122790
0.00256294	0.00266821	0.00046378	0.00125831
0.00253042	0.00268200	0.00041771	0.00128189
0.00248576	0.00268236	0.00040597	0.00121864
0.00245167	0.00269352	0.00042122	0.00128604
0.00240552	0.00269081	0.00044191	0.00124081
0.00237229	0.00270193	0.00045072	0.00119066
0.00232707	0.00269877	0.00047651	0.00119689
0.00229504	0.00271029	0.00047358	0.00128346
0.00225200	0.00270824	0.00040818	0.00122112
0.00221960	0.00271841	0.00041796	0.00128991
0.00217387	0.00271158	0.00047856	0.00132377
0.00213992	0.00271874	0.00046015	0.00131827
0.00209391	0.00270984	0.00052107	0.00129630
0.00206228	0.00271886	0.00042572	0.00133811
0.00201885	0.00271167	0.00056932	0.00132785
0.00198867	0.00272165	0.00045721	0.00133137
0.00194674	0.00271495	0.00055280	0.00136161
0.00191520	0.00272208	0.00045775	0.00128739
0.00187399	0.00271482	0.00054884	0.00129918
0.00184173	0.00271984	0.00050108	0.00134519
0.00180189	0.00271298	0.00050295	0.00139924
0.00176982	0.00271716	0.00056739	0.00130908
0.00172989	0.00270856	0.00056389	0.00139153
0.00169835	0.00271239	0.00054362	0.00134443
0.00165938	0.00270365	0.00052012	0.00134005
0.00162499	0.00270156	0.00059846	0.00132642
0.00158607	0.00269109	0.00056605	0.00134503
0.00155380	0.00269111	0.00060744	0.00134762
0.00151376	0.00267682	0.00055829	0.00127561
0.00148355	0.00267908	0.00052623	0.00140213
0.00144731	0.00266974	0.00057754	0.00137075
0.00141952	0.00267535	0.00054512	0.00139946
0.00138437	0.00266647	0.00054479	0.00138617
0.00135339	0.00266485	0.00057364	0.00133971
0.00131756	0.00265285	0.00056849	0.00134505
0.00128591	0.00264835	0.00058213	0.00139319
0.00124970	0.00263353	0.00054598	0.00142307
0.00121983	0.00263111	0.00057608	0.00144425
0.00118876	0.00262542	0.00062715	0.00137935
0.00115914	0.00262223	0.00062484	0.00135344
0.00112657	0.00261150	0.00060765	0.00144147
0.00109672	0.00260620	0.00064481	0.00140214
0.00106331	0.00259144	0.00064271	0.00140246
0.00103455	0.00258702	0.00064095	0.00138546
0.00100235	0.00257307	0.00069814	0.00145915
0.00097493	0.00257047	0.00069425	0.00140194
0.00094501	0.00256048	0.00065748	0.00137670
0.00091612	0.00255229	0.00060243	0.00137990
0.00088690	0.00254222	0.00063369	0.00138253
0.00085882	0.00253444	0.00064837	0.00148435
0.00082844	0.00251873	0.00061448	0.00140774
0.00080018	0.00250821	0.00064815	0.00148207
0.00077150	0.00249524	0.00063507	0.00145279
0.00074427	0.00248577	0.00063557	0.00145622
0.00071662	0.00247379	0.00061189	0.00141940
0.00069033	0.00246539	0.00065261	0.00146270
0.00066306	0.00245232	0.00066385	0.00148140
0.00063706	0.00244272	0.00072360	0.00154162
0.00060971	0.00242658	0.00067358	0.00145647
0.00058457	0.00241793	0.00065246	0.00148541
0.00055858	0.00240442	0.00070851	0.00150144
0.00053442	0.00239756	0.00069060	0.00149104
0.00050832	0.00238061	0.00070482	0.00146856
0.00048366	0.00236876	0.00071915	0.00148878
0.00045855	0.00235306	0.00063057	0.00153357
0.00043447	0.00234088	0.00068250	0.00148120
0.00041051	0.00232769	0.00070074	0.00147373
0.00038673	0.00231374	0.00066820	0.00150780
0.00036361	0.00230196	0.00074372	0.00146120
0.00034151	0.00229516	0.00066431	0.00151193
0.00031827	0.00227891	0.00071407	0.00147926
0.00029589	0.00226656	0.00069464	0.00149544
0.00027309	0.00224848	0.00074704	0.00154394
0.00025092	0.00223274	0.00074255	0.00151864
0.00022914	0.00221761	0.00075842	0.00145794
0.00020774	0.00220320	0.00074252	0.00148260
0.00018672	0.00218983	0.00074836	0.00151980
0.00016609	0.00217805	0.00070892	0.00161295
0.00014530	0.00216021	0.00076893	0.00148641
0.00012514	0.00214732	0.00069872	0.00152075
0.00010503	0.00213039	0.00070414	0.00157070
0.00008535	0.00211610	0.00071724	0.00152687
0.00006584	0.00209878	0.00071809	0.00156727
0.00004681	0.00208849	0.00074911	0.00158096
0.00002789	0.00207165	0.00070272	0.00155756
0.00000929	0.00206049	0.00069497	0.00157471
-0.00000907	0.00204305	0.00079508	0.00161866
-0.00002711	0.00202417	0.00078486	0.00153814
-0.00004489	0.00200915	0.00077584	0.00158748
-0.00006242	0.00199406	0.00075574	0.00154576
-0.00007954	0.00197542	0.00075724	0.00162171
-0.00009673	0.00196490	0.00073605	0.00158452
-0.00011347	0.00194932	0.00075895	0.00158021
-0.00013007	0.00193580	0.00071349	0.00159603
-0.00014644	0.00192204	0.00077537	0.00157770
-0.00016208	0.00190235	0.00075216	0.00157589
-0.00017740	0.00188285	0.00075899	0.00156662
-0.00019287	0.00186788	0.00079789	0.00158417
-0.00020770	0.00184932	0.00069632	0.00165277
-0.00022278	0.00183533	0.00079413	0.00151971
-0.00023768	0.00182165	0.00078346	0.00154654
-0.00025196	0.00180498	0.00073005	0.00158863
-0.00026577	0.00178695	0.00079859	0.00155307
-0.00027983	0.00177234	0.00077746	0.00161076
-0.00029275	0.00175225	0.00075117	0.00161825
-0.00030696	0.00174125	0.00081314	0.00165904
-0.00032013	0.00172548	0.00071627	0.00164225
-0.00033326	0.00171076	0.00080561	0.00159940
-0.00034579	0.00169414	0.00075078	0.00167885
-0.00035839	0.00167905	0.00083808	0.00168759
-0.00036956	0.00165852	0.00081406	0.00166399
-0.00038127	0.00164168	0.00077311	0.00162002
-0.00039217	0.00162259	0.00075155	0.00159052
-0.00040338	0.00160589	0.00075990	0.00165296
-0.00041430	0.00158905	0.00081183	0.00167803
-0.00042658	0.00157814	0.00082999	0.00167555
-0.00043658	0.00155958	0.00081495	0.00166363
-0.00044801	0.00154695	0.00078542	0.00165698
-0.00045676	0.00152592	0.00080384	0.00166885
-0.00046795	0.00151384	0.00078072	0.00169156
-0.00047687	0.00149514	0.00079860	0.00165040
-0.00048779	0.00148340	0.00089865	0.00167093
-0.00049552	0.00146263	0.00086892	0.00170161
-0.00050611	0.00145104	0.00082704	0.00170653
-0.00051279	0.00142893	0.00090048	0.00165688
-0.00052279	0.00141678	0.00086152	0.00173006
-0.00052967	0.00139680	0.00084518	0.00167131
-0.00053891	0.00138368	0.00085861	0.00164908
-0.00054507	0.00136329	0.00089871	0.00167988
-0.00055528	0.00135357	0.00083867	0.00177302
-0.00056348	0.00133929	0.00081785	0.00171149
-0.00057064	0.00132305	0.00084258	0.00174271
-0.00057591	0.00130308	0.00089075	0.00167338
-0.00058450	0.00129113	0.00082717	0.00175753
-0.00058971	0.00127222	0.00087221	0.00178613
-0.00059583	0.00125582	0.00085067	0.00170212
-0.00060075	0.00123748	0.00084942	0.00176933
-0.00060882	0.00122606	0.00091897	0.00172254
-0.00061392	0.00120903	0.00088108	0.00170590
-0.00062140	0.00119709	0.00086227	0.00178251
-0.00062427	0.00117675	0.00088839	0.00166840
-0.00063130	0.00116469	0.00087620	0.00174346
-0.00063439	0.00114580	0.00083272	0.00183567
-0.00064062	0.00113300	0.00091654	0.00180245
-0.00064495	0.00111720	0.00082859	0.00172884
-0.00065195	0.00110633	0.00080608	0.00173020
-0.00065444	0.00108818	0.00086981	0.00179202
-0.00066086	0.00107691	0.00087647	0.00177577
-0.00066326	0.00105943	0.00086354	0.00181053
-0.00066703	0.00104456	0.00086628	0.00177146
-0.00066822	0.00102606	0.00086973	0.00175531
-0.00067373	0.00101454	0.00090619	0.00176702
-0.00067797	0.00100137	0.00091441	0.00178626
-0.00068214	0.00098836	0.00081343	0.00180379
-0.00068458	0.00097315	0.00089959	0.00177304
-0.00068765	0.00095915	0.00088058	0.00182204
-0.00068864	0.00094260	0.00088232	0.00176181
-0.00069333	0.00093140	0.00088698	0.00184845
-0.00069460	0.00091587	0.00088283	0.00181417
-0.00069694	0.00090208	0.00084877	0.00187480
-0.00069916	0.00088840	0.00091986	0.00175758
-0.00070128	0.00087486	0.00086506	0.00181384
-0.00070201	0.00085990	0.00091050	0.00177888
-0.00070530	0.00084831	0.00087322	0.00189267
-0.00070330	0.00083067	0.00089642	0.00182923
-0.00070592	0.00081879	0.00087866	0.00186113
-0.00070544	0.00080357	0.00094405	0.00179780
-0.00070919	0.00079341	0.00091638	0.00184958
-0.00070962	0.00077973	0.00084843	0.00187840
-0.00071203	0.00076845	0.00082643	0.00184479
-0.00071052	0.00075318	0.00089200	0.00179435
-0.00071395	0.00074338	0.00090157	0.00179367
-0.00071140	0.00072757	0.00086580	0.00183192
-0.00071345	0.00071673	0.00090594	0.00185597
-0.00071327	0.00070384	0.00089976	0.00190817
-0.00071295	0.00069103	0.00088624	0.00191296
-0.00071116	0.00067705	0.00095600	0.00191744
-0.00071468	0.00066832	0.00090450	0.00181697
-0.00071341	0.00065526	0.00095508	0.00191390
-0.00071437	0.00064445	0.00098947	0.00194008
-0.00071213	0.00063096	0.00088833	0.00183241
-0.00071227	0.00061979	0.00091519	0.00189015
-0.00071088	0.00060749	0.00102070	0.00199091
-0.00071129	0.00059691	0.00100357	0.00192427
-0.00070941	0.00058459	0.00096081	0.00192935
-0.00070921	0.00057384	0.00095482	0.00191010
-0.00070478	0.00055990	0.00089423	0.00191031
-0.00070583	0.00055050	0.00095900	0.00194677
-0.00070379	0.00053885	0.00092810	0.00194444
-0.00070208	0.00052764	0.00091761	0.00203197
-0.00069907	0.00051565	0.00090974	0.00195944
-0.00069942	0.00050631	0.00093088	0.00191110
-0.00069694	0.00049506	0.00096134	0.00199112
-0.00069613	0.00048517	0.00095864	0.00193432
-0.00069410	0.00047459	0.00092664	0.00193596
-0.00069331	0.00046500	0.00095512	0.00197649
-0.00068796	0.00045253	0.00093093	0.00201861
-0.00068836	0.00044402	0.00094800	0.00195616
-0.00068393	0.00043255	0.00095170	0.00196063
-0.00068359	0.00042381	0.00098694	0.00204765
-0.00067991	0.00041315	0.00093596	0.00204247
-0.00067903	0.00040434	0.00098954	0.00194153
-0.00067532	0.00039399	0.00100913	0.00196861
-0.00067137	0.00038367	0.00099588	0.00192459
-0.00067094	0.00037550	0.00103367	0.00198545
-0.00066812	0.00036611	0.00097409	0.00202161
-0.00066527	0.00035684	0.00089765	0.00195474
-0.00066435	0.00034873	0.00097577	0.00203837
-0.00066103	0.00033947	0.00097870	0.00207895
-0.00065838	0.00033070	0.00094348	0.00195124
-0.00065166	0.00032005	0.00094799	0.00209501
-0.00064995	0.00031202	0.00093584	0.00203126
-0.00064538	0.00030275	0.00099214	0.00208840
-0.00064424	0.00029521	0.00104838	0.00210004
-0.00064034	0.00028652	0.00099024	0.00204883
-0.00063806	0.00027867	0.00099818	0.00209598
-0.00063289	0.00026969	0.00102017	0.00207177
-0.00063160	0.00026249	0.00098680	0.00201162
-0.00062701	0.00025403	0.00092889	0.00199802
-0.00062419	0.00024640	0.00090831	0.00205071
-0.00062104	0.00023876	0.00095071	0.00210945
-0.00061821	0.00023134	0.00096498	0.00215151
-0.00061461	0.00022374	0.00093236	0.00209013
-0.00060863	0.00021541	0.00097021	0.00204959
-0.00060188	0.00020698	0.00100400	0.00207767
-0.00060065	0.00020057	0.00103162	0.00211587
-0.00059429	0.00019255	0.00102074	0.00208846
-0.00059272	0.00018619	0.00105813	0.00211157
-0.00058895	0.00017924	0.00105631	0.00211001
-0.00058695	0.00017290	0.00100692	0.00209829
-0.00058494	0.00016664	0.00096308	0.00216234
-0.00058201	0.00016018	0.00103104	0.00205784
-0.00057430	0.00015255	0.00092990	0.00215971
-0.00057032	0.00014604	0.00105770	0.00210969
-0.00056534	0.00013938	0.00100724	0.00209890
-0.00056097	0.00013299	0.00101451	0.00216181
-0.00055736	0.00012688	0.00100534	0.00215695
-0.00055311	0.00012071	0.00098490	0.00212353
-0.00054811	0.00011449	0.00100366	0.00211343
-0.00054463	0.00010869	0.00105382	0.00215436
-0.00053887	0.00010253	0.00101594	0.00211356
-0.00053707	0.00009722	0.00093664	0.00216669
-0.00053391	0.00009172	0.00099887	0.00212785
-0.00052806	0.00008585	0.00101799	0.00216332
-0.00052474	0.00008050	0.00099433	0.00225772
-0.00052275	0.00007541	0.00094616	0.00216686
-0.00051459	0.00006954	0.00108799	0.00231334
-0.00051110	0.00006442	0.00103291	0.00220044
-0.00050796	0.00005941	0.00103105	0.00221963
-0.00050175	0.00005413	0.00097744	0.00217687
-0.00049888	0.00004931	0.00100594	0.00218898
-0.00049293	0.00004427	0.00096607	0.00221747
-0.00049121	0.00003969	0.00104112	0.00220960
-0.00048505	0.00003482	0.00102224	0.00221243
-0.00048435	0.00003042	0.00096988	0.00224732
-0.00047749	0.00002570	0.00107589	0.00223938
-0.00047473	0.00002129	0.00101493	0.00227895
-0.00046896	0.00001683	0.00104423	0.00231435
-0.00046624	0.00001255	0.00108371	0.00217939
-0.00046067	0.00000828	0.00103802	0.00228471
-0.00045638	0.00000412	0.00102393	0.00222506
-0.00045272	0.00000003	0.00099504	0.00227753
-0.00044887	-0.00000399	0.00106356	0.00224329
-0.00044248	-0.00000789	0.00100761	0.00229553
-0.00043628	-0.00001169	0.00103032	0.00226066
-0.00043025	-0.00001538	0.00104609	0.00229477
-0.00042945	-0.00001920	0.00108858	0.00236004
-0.00042337	-0.00002273	0.00100873	0.00226747
-0.00042119	-0.00002639	0.00104828	0.00227819
-0.00041779	-0.00002994	0.00105803	0.00230078
-0.00041119	-0.00003317	0.00106456	0.00233829
-0.00040615	-0.00003642	0.00100852	0.00229854
-0.00040214	-0.00003969	0.00106618	0.00230050
-0.00039890	-0.00004298	0.00101705	0.00232267
-0.00039544	-0.00004619	0.00102823	0.00235993
-0.00038999	-0.00004910	0.00102919	0.00227630
-0.00038557	-0.00005205	0.00110390	0.00236000
-0.00038073	-0.00005487	0.00105756	0.00230319
-0.00037561	-0.00005757	0.00104560	0.00236874
-0.00037328	-0.00006064	0.00101717	0.00235027
-0.00036936	-0.00006340	0.00108712	0.00237615
-0.00036537	-0.00006608	0.00104375	0.00235977
-0.00036405	-0.00006922	0.00106377	0.00239406
-0.00035355	-0.00007050	0.00104769	0.00243131
-0.00035454	-0.00007401	0.00113537	0.00233329
-0.00034688	-0.00007565	0.00103211	0.00235692
-0.00034452	-0.00007838	0.00105182	0.00242074
-0.00033473	-0.00007931	0.00108351	0.00247024
-0.00033573	-0.00008272	0.00104789	0.00237477
-0.00033220	-0.00008502	0.00104096	0.00241378
-0.00032892	-0.00008732	0.00103390	0.00234086
-0.00032278	-0.00008879	0.00103842	0.00235489
-0.00032398	-0.00009225	0.00111065	0.00248325
-0.00031506	-0.00009276	0.00110402	0.00236805
-0.00031217	-0.00009496	0.00109491	0.00240664
-0.00030515	-0.00009581	0.00102982	0.00243582
-0.00030461	-0.00009865	0.00108128	0.00244481
-0.00029920	-0.00009986	0.00102540	0.00240927
-0.00029742	-0.00010224	0.00108681	0.00242999
-0.00029304	-0.00010367	0.00105528	0.00247905
-0.00028801	-0.00010480	0.00108422	0.00239580
-0.00028311	-0.00010590	0.00108211	0.00250005
-0.00028220	-0.00010845	0.00108920	0.00249729
-0.00027634	-0.00010904	0.00102753	0.00243191
-0.00027395	-0.00011094	0.00112444	0.00251440
-0.00026940	-0.00011192	0.00108060	0.00240161
-0.00026797	-0.00011415	0.00109217	0.00250308
-0.00026050	-0.00011373	0.00109088	0.00249266
-0.00026094	-0.00011671	0.00109727	0.00258067
-0.00025529	-0.00011694	0.00108875	0.00246400
-0.00025219	-0.00011826	0.00105213	0.00251489
-0.00024704	-0.00011856	0.00110458	0.00253322
-0.00024336	-0.00011948	0.00110191	0.00253648
-0.00024080	-0.00012091	0.00105996	0.00245451
-0.00023730	-0.00012182	0.00105003	0.00254853
-0.00023304	-0.00012228	0.00113844	0.00256719
-0.00023060	-0.00012365	0.00107476	0.00257018
-0.00022676	-0.00012422	0.00110172	0.00249267
-0.00022207	-0.00012424	0.00110754	0.00260155
-0.00022005	-0.00012571	0.00107621	0.00257173
-0.00021897	-0.00012771	0.00103880	0.00255107
-0.00021272	-0.00012663	0.00109182	0.00254841
-0.00021085	-0.00012809	0.00108211	0.00260066
-0.00020740	-0.00012854	0.00100939	0.00256766
-0.00020528	-0.00012979	0.00107260	0.00257605
-0.00019859	-0.00012806	0.00113577	0.00259735
-0.00019850	-0.00013053	0.00111718	0.00257008
-0.00019331	-0.00012961	0.00112277	0.00260263
-0.00019334	-0.00013216	0.00107282	0.00256644
-0.00018911	-0.00013176	0.00100592	0.00265952
-0.00018567	-0.00013185	0.00111804	0.00271486
-0.00018110	-0.00013106	0.00120760	0.00257781
-0.00018030	-0.00013295	0.00109377	0.00267940
-0.00017485	-0.00013137	0.00116238	0.00262390
-0.00017359	-0.00013287	0.00109747	0.00256322
-0.00016831	-0.00013123	0.00102848	0.00265349
-0.00016850	-0.00013382	0.00115079	0.00270279
-0.00016435	-0.00013294	0.00107360	0.00265200
-0.00016066	-0.00013235	0.00118389	0.00264575
-0.00015755	-0.00013218	0.00109169	0.00270042
-0.00015628	-0.00013351	0.00112978	0.00271927
-0.00015296	-0.00013306	0.00111514	0.00274973
-0.00015168	-0.00013435	0.00114268	0.00265108
-0.00014831	-0.00013376	0.00114656	0.00272408
-0.00014546	-0.00013356	0.00107228	0.00266849
-0.00014166	-0.00013243	0.00113892	0.00273621
-0.00014126	-0.00013445	0.00115660	0.00274181
-0.00013649	-0.00013225	0.00112373	0.00274975
-0.00013518	-0.00013335	0.00112644	0.00273430
-0.00013194	-0.00013251	0.00107002	0.00278723
-0.00013046	-0.00013339	0.00109911	0.00267650
-0.00012682	-0.00013201	0.00112779	0.00273178
-0.00012467	-0.00013212	0.00111557	0.00274975
-0.00012188	-0.00013150	0.00114742	0.00279289
-0.00011957	-0.00013135	0.00110420	0.00276194
-0.00011621	-0.00012998	0.00108066	0.00276192
-0.00011739	-0.00013369	0.00114222	0.00279727
-0.00011244	-0.00013038	0.00115303	0.00286179
-0.00011199	-0.00013224	0.00113551	0.00280031
-0.00010840	-0.00013034	0.00113198	0.00283541
-0.00010671	-0.00013067	0.00113812	0.00289275
-0.00010455	-0.00013039	0.00111262	0.00280697
-0.00010325	-0.00013116	0.00116575	0.00276170
-0.00009897	-0.00012807	0.00111221	0.00282638
-0.00009763	-0.00012869	0.00112127	0.00277184
-0.00009518	-0.00012783	0.00111415	0.00279211
-0.00009384	-0.00012841	0.00112585	0.00288926
-0.00009161	-0.00012774	0.00109374	0.00291146
-0.00009030	-0.00012833	0.00112388	0.00285104
-0.00008616	-0.00012480	0.00112428	0.00287028
-0.00008438	-0.00012459	0.00112862	0.00286860
-0.00008267	-0.00012445	0.00111817	0.00281501
-0.00008132	-0.00012483	0.00108943	0.00289819
-0.00007842	-0.00012277	0.00117301	0.00295489
-0.00007757	-0.00012387	0.00114322	0.00291042
-0.00007527	-0.00012261	0.00108447	0.00288729
-0.00007378	-0.00012264	0.00111058	0.00298187
-0.00007255	-0.00012308	0.00115674	0.00297432
-0.00007045	-0.00012199	0.00115382	0.00292376
-0.00006759	-0.00011949	0.00120455	0.00295813
-0.00006698	-0.00012094	0.00110691	0.00290485
-0.00006375	-0.00011758	0.00114453	0.00292808
-0.00006405	-0.00012069	0.00117526	0.00291922
-0.00006143	-0.00011830	0.00109823	0.00296221
-0.00005992	-0.00011796	0.00112869	0.00300811
-0.00005791	-0.00011658	0.00111108	0.00302395
-0.00005709	-0.00011755	0.00117742	0.00297910
-0.00005474	-0.00011534	0.00112601	0.00304260
-0.00005465	-0.00011786	0.00112269	0.00302785
-0.00005191	-0.00011462	0.00110394	0.00302178
-0.00005134	-0.00011613	0.00113651	0.00304250
-0.00004810	-0.00011149	0.00110228	0.00303268
-0.00004820	-0.00011452	0.00110458	0.00303780
-0.00004630	-0.00011283	0.00117557	0.00305934
-0.00004631	-0.00011578	0.00117625	0.00305660
-0.00004273	-0.00010967	0.00110315	0.00311611
-0.00004336	-0.00011429	0.00123638	0.00308155
-0.00004089	-0.00011077	0.00117459	0.00302705
-0.00004054	-0.00011291	0.00115349	0.00309267
-0.00003835	-0.00010992	0.00115957	0.00312797
-0.00003748	-0.00011059	0.00114992	0.00305466
-0.00003532	-0.00010735	0.00109453	0.00311814
-0.00003518	-0.00011026	0.00116425	0.00311530
-0.00003247	-0.00010500	0.00118434	0.00319072
-0.00003194	-0.00010664	0.00113440	0.00316637
-0.00003048	-0.00010518	0.00109107	0.00312017
-0.00002961	-0.00010574	0.00120211	0.00322418
-0.00002731	-0.00010097	0.00122122	0.00317798
-0.00002788	-0.00010689	0.00119618	0.00314382
-0.00002579	-0.00010263	0.00113743	0.00317114
-0.00002478	-0.00010245	0.00122077	0.00322355
-0.00002354	-0.00010130	0.00113391	0.00320365
-0.00002247	-0.00010080	0.00117990	0.00322439
-0.00002165	-0.00010135	0.00120063	0.00315947
-0.00002041	-0.00009993	0.00116102	0.00320917
-0.00001946	-0.00009982	0.00114758	0.00317290
-0.00001853	-0.00009979	0.00115822	0.00327025
-0.00001673	-0.00009481	0.00111468	0.00318210
-0.00001673	-0.00010003	0.00118161	0.00321719
-0.00001527	-0.00009665	0.00124903	0.00320233
-0.00001462	-0.00009820	0.00116379	0.00325793
-0.00001320	-0.00009443	0.00114025	0.00326422
-0.00001258	-0.00009628	0.00120388	0.00328174
-0.00001123	-0.00009244	0.00121611	0.00334379
-0.00001057	-0.00009396	0.00121615	0.00317514
-0.00000933	-0.00009023	0.00121204	0.00327677
-0.00000874	-0.00009265	0.00121333	0.00327291
-0.00000775	-0.00009079	0.00119134	0.00332991
-0.00000709	-0.00009292	0.00115471	0.00335166
-0.00000605	-0.00008982	0.00120033	0.00331075
-0.00000536	-0.00009192	0.00121874	0.00340504
-0.00000439	-0.00008895	0.00114336	0.00332508
-0.00000362	-0.00008965	0.00120915	0.00337749
-0.00000273	-0.00008685	0.00119382	0.00341925
-0.00000199	-0.00008844	0.00122012	0.00332336
-0.00000115	-0.00008534	0.00117657	0.00335860
-0.00000041	-0.00008929	0.00123334	0.00340261
0.00000038	-0.00008638	0.00123401	0.00335898
0.00000114	-0.00008547	0.00114201	0.00342344
0.00000186	-0.00008335	0.00117286	0.00330430
0.00000264	-0.00008466	0.00121035	0.00349849
0.00000334	-0.00008302	0.00122916	0.00337103
0.00000402	-0.00008169	0.00118682	0.00348963
0.00000472	-0.00008127	0.00125148	0.00344110
0.00000568	-0.00008465	0.00123619	0.00346216
0.00000627	-0.00008239	0.00118920	0.00342793
0.00000696	-0.00008177	0.00128287	0.00350642
0.00000765	-0.00008126	0.00120249	0.00346714
0.00000825	-0.00008000	0.00123375	0.00347794
0.00000840	-0.00007480	0.00119408	0.00356036
0.00000976	-0.00008046	0.00125985	0.00350098
0.00000987	-0.00007570	0.00121574	0.00349018
0.00001101	-0.00007889	0.00121026	0.00359354
0.00001118	-0.00007520	0.00117282	0.00352366
0.00001217	-0.00007714	0.00118357	0.00348176
0.00001241	-0.00007430	0.00121038	0.00362611
0.00001341	-0.00007611	0.00121328	0.00353752
0.00001353	-0.00007297	0.00122806	0.00361234
0.00001439	-0.00007390	0.00118330	0.00357388
0.00001487	-0.00007286	0.00124062	0.00356524
0.00001578	-0.00007393	0.00122565	0.00359658
0.00001584	-0.00007112	0.00126314	0.00373793
0.00001700	-0.00007323	0.00120318	0.00362614
0.00001714	-0.00007092	0.00124599	0.00361007
0.00001811	-0.00007213	0.00120151	0.00364786
0.00001770	-0.00006791	0.00119662	0.00366336
0.00001906	-0.00007054	0.00123541	0.00362435
0.00001959	-0.00007001	0.00126571	0.00364082
0.00002028	-0.00007005	0.00118888	0.00371674
0.00001970	-0.00006584	0.00116070	0.00373518
0.00002158	-0.00006984	0.00125189	0.00370939
0.00002103	-0.00006596	0.00123995	0.00377613
0.00002208	-0.00006717	0.00121089	0.00374641
0.00002150	-0.00006347	0.00114148	0.00371748
0.00002320	-0.00006652	0.00117433	0.00369253
0.00002288	-0.00006377	0.00119491	0.00373271
0.00002344	-0.00006354	0.00123400	0.00379853
0.00002416	-0.00006373	0.00124236	0.00382137
0.00002565	-0.00006588	0.00125237	0.00382456
0.00002503	-0.00006263	0.00121559	0.00376394
0.00002652	-0.00006466	0.00121428	0.00386227
0.00002591	-0.00006159	0.00121852	0.00378023
0.00002686	-0.00006228	0.00123164	0.00380572
0.00002714	-0.00006141	0.00124901	0.00380688
0.00002779	-0.00006140	0.00126548	0.00380840
0.00002721	-0.00005872	0.00124412	0.00391785
0.00002847	-0.00006001	0.00125478	0.00391416
0.00002829	-0.00005828	0.00123773	0.00390691
0.00002919	-0.00005879	0.00126634	0.00398213
0.00002977	-0.00005863	0.00126866	0.00394165
0.00002976	-0.00005734	0.00127329	0.00391855
0.00002956	-0.00005572	0.00119848	0.00390843
0.00003035	-0.00005600	0.00129484	0.00387565
0.00003128	-0.00005650	0.00117066	0.00389743
0.00003216	-0.00005689	0.00125085	0.00392544
0.00003077	-0.00005330	0.00124559	0.00395646
0.00003285	-0.00005576	0.00126019	0.00398680
0.00003245	-0.00005396	0.00124062	0.00398502
0.00003309	-0.00005394	0.00125993	0.00398426
0.00003287	-0.00005252	0.00124798	0.00397530
0.00003392	-0.00005312	0.00124357	0.00398802
0.00003188	-0.00004896	0.00127698	0.00396984
0.00003327	-0.00005011	0.00131423	0.00400775
0.00003365	-0.00004970	0.00124672	0.00398359
0.00003499	-0.00005071	0.00126733	0.00406218
0.00003422	-0.00004865	0.00128817	0.00413229
0.00003478	-0.00004852	0.00123021	0.00404905
0.00003586	-0.00004909	0.00119402	0.00406630
0.00003659	-0.00004916	0.00129546	0.00406702
0.00003638	-0.00004798	0.00130091	0.00408765
0.00003607	-0.00004669	0.00130021	0.00414670
0.00003632	-0.00004616	0.00118052	0.00414244
0.00003647	-0.00004550	0.00123493	0.00411434
0.00003672	-0.00004499	0.00121059	0.00413329
0.00003632	-0.00004369	0.00128279	0.00420650
0.00003652	-0.00004313	0.00128704	0.00425115
0.00003850	-0.00004466	0.00124703	0.00420730
0.00003847	-0.00004383	0.00126449	0.00415724
0.00003964	-0.00004435	0.00123463	0.00413683
0.00003880	-0.00004264	0.00128418	0.00423276
0.00003924	-0.00004235	0.00126339	0.00421587
0.00003911	-0.00004146	0.00119546	0.00426262
0.00003796	-0.00003953	0.00122921	0.00423658
0.00003862	-0.00003950	0.00127481	0.00427165
0.00004104	-0.00004124	0.00128207	0.00429872
0.00004022	-0.00003969	0.00131547	0.00428890
0.00003960	-0.00003839	0.00133197	0.00433086
0.00004258	-0.00004054	0.00130660	0.00425898
0.00004077	-0.00003813	0.00124907	0.00440091
0.00003986	-0.00003661	0.00127048	0.00437749
0.00003821	-0.00003448	0.00126732	0.00428825
0.00004054	-0.00003592	0.00128615	0.00436346
0.00004323	-0.00003762	0.00124410	0.00437319
0.00004232	-0.00003617	0.00132326	0.00436107
0.00004214	-0.00003537	0.00125772	0.00441117
0.00004327	-0.00003566	0.00124201	0.00440616
0.00004301	-0.00003480	0.00130727	0.00440942
0.00004239	-0.00003368	0.00127938	0.00451126
0.00004174	-0.00003256	0.00132166	0.00450786
0.00004318	-0.00003306	0.00129509	0.00451738
0.00004356	-0.00003275	0.00132717	0.00446798
0.00004304	-0.00003176	0.00129046	0.00457530
0.00004408	-0.00003192	0.00126747	0.00450825
0.00004472	-0.00003177	0.00129087	0.00450772
0.00004297	-0.00002995	0.00123267	0.00451437
0.00004426	-0.00003027	0.00127756	0.00451774
0.00004288	-0.00002876	0.00129645	0.00468803
0.00004267	-0.00002807	0.00138838	0.00460045
0.00004421	-0.00002852	0.00137675	0.00460368
0.00004555	-0.00002881	0.00126656	0.00463181
0.00004598	-0.00002851	0.00135928	0.00462384
0.00004600	-0.00002796	0.00133449	0.00465325
0.00004494	-0.00002676	0.00141501	0.00462606
0.00004692	-0.00002738	0.00135559	0.00472436
0.00004431	-0.00002533	0.00138995	0.00473788
0.00004586	-0.00002567	0.00140259	0.00477035
0.00004611	-0.00002527	0.00142323	0.00466381
0.00004526	-0.00002428	0.00137459	0.00470997
0.00004707	-0.00002471	0.00141066	0.00471526
0.00004679	-0.00002403	0.00141588	0.00474868
0.00004548	-0.00002285	0.00134372	0.00470090
0.00004693	-0.00002305	0.00145217	0.00473060
0.00004793	-0.00002302	0.00138600	0.00474066
0.00004637	-0.00002176	0.00138535	0.00480076
0.00004568	-0.00002094	0.00134570	0.00480897
0.00004950	-0.00002215	0.00135018	0.00481543
0.00004634	-0.00002024	0.00137642	0.00476372
0.00004716	-0.00002010	0.00135494	0.00486489
0.00004851	-0.00002016	0.00132365	0.00480444
0.00004844	-0.00001963	0.00134572	0.00482078
0.00004701	-0.00001856	0.00136924	0.00488109
0.00004809	-0.00001849	0.00131358	0.00481914
0.00004735	-0.00001772	0.00137831	0.00487881
0.00004833	-0.00001760	0.00138283	0.00484877
0.00004789	-0.00001695	0.00128613	0.00489540
0.00004917	-0.00001691	0.00131826	0.00494134
0.00004600	-0.00001536	0.00132268	0.00492378
0.00004770	-0.00001546	0.00136379	0.00504106
0.00005036	-0.00001582	0.00130846	0.00501955
0.00004946	-0.00001505	0.00135055	0.00503386
0.00004722	-0.00001391	0.00135138	0.00501154
0.00004801	-0.00001368	0.00132512	0.00517000
0.00004844	-0.00001334	0.00136996	0.00505315
0.00004890	-0.00001299	0.00134220	0.00504356
0.00004601	-0.00001178	0.00137056	0.00509805
0.00004817	-0.00001188	0.00144764	0.00507777
0.00004711	-0.00001117	0.00135796	0.00520141
0.00004811	-0.00001095	0.00137549	0.00521693
0.00004749	-0.00001037	0.00135036	0.00512852
0.00004938	-0.00001032	0.00134899	0.00516809
0.00004651	-0.00000928	0.00130973	0.00515044
0.00005002	-0.00000952	0.00140026	0.00518367
0.00004763	-0.00000862	0.00137837	0.00524775
0.00004904	-0.00000843	0.00137842	0.00526643
0.00004863	-0.00000791	0.00134641	0.00523530
0.00004892	-0.00000751	0.00134627	0.00528850
0.00004909	-0.00000709	0.00134974	0.00530272
0.00004914	-0.00000664	0.00136208	0.00539097
0.00004616	-0.00000582	0.00141227	0.00544466
0.00004861	-0.00000569	0.00140917	0.00540622
0.00004605	-0.00000497	0.00145996	0.00544189
0.00004854	-0.00000480	0.00139697	0.00543564
0.00004792	-0.00000431	0.00140414	0.00543181
0.00005066	-0.00000410	0.00142171	0.00552979
0.00004894	-0.00000352	0.00149499	0.00543056
0.00004714	-0.00000296	0.00146443	0.00552508
0.00004806	-0.00000259	0.00148141	0.00545522
0.00004963	-0.00000223	0.00142149	0.00546286
0.00004717	-0.00000170	0.00149502	0.00549388
0.00004968	-0.00000134	0.00146410	0.00553811
0.00004541	-0.00000082	0.00142516	0.00552607
0.00004506	-0.00000041	0.00147623	0.00557667
0.00004689	-0.00000001	0.00143046	0.00553444
0.00004766	0.00000042	0.00140092	0.00561464
0.00004623	0.00000082	0.00146032	0.00564483
0.00004963	0.00000133	0.00142544	0.00563144
0.00004618	0.00000165	0.00147315	0.00562957
0.00004704	0.00000210	0.00144060	0.00569580
0.00004654	0.00000250	0.00140464	0.00562442
0.00004863	0.00000304	0.00143113	0.00570469
0.00004528	0.00000324	0.00147897	0.00572845
0.00004642	0.00000374	0.00141219	0.00568968
0.00004663	0.00000418	0.00146937	0.00586004
0.00004848	0.00000478	0.00141737	0.00578151
0.00004615	0.00000497	0.00144780	0.00584981
0.00004858	0.00000567	0.00146570	0.00580956
0.00004654	0.00000586	0.00140498	0.00585779
0.00004510	0.00000609	0.00144056	0.00592631
0.00004372	0.00000630	0.00148295	0.00588380
0.00004827	0.00000739	0.00141024	0.00591913
0.00004538	0.00000737	0.00145450	0.00594028
0.00004482	0.00000769	0.00138445	0.00593267
0.00004664	0.00000843	0.00150756	0.00606258
0.00004634	0.00000881	0.00146544	0.00613108
0.00004446	0.00000886	0.00147451	0.00603916
0.00004595	0.00000959	0.00147994	0.00608732
0.00004310	0.00000940	0.00147040	0.00603274
0.00004764	0.00001084	0.00141895	0.00612287
0.00004322	0.00001024	0.00148700	0.00616917
0.00004330	0.00001067	0.00140889	0.00612986
0.00004493	0.00001149	0.00146426	0.00619418
0.00004535	0.00001204	0.00150375	0.00617059
0.00004435	0.00001220	0.00148664	0.00619378
0.00004452	0.00001267	0.00142076	0.00623568
0.00004230	0.00001245	0.00147566	0.00626474
0.00004440	0.00001350	0.00142528	0.00629609
0.00004393	0.00001379	0.00145834	0.00638561
0.00004165	0.00001348	0.00141873	0.00641297
0.00004148	0.00001384	0.00140938	0.00634693
0.00004199	0.00001443	0.00147778	0.00641834
0.00004165	0.00001473	0.00145506	0.00637758
0.00004284	0.00001558	0.00150149	0.00647094
0.00004185	0.00001565	0.00146441	0.00654232
0.00004298	0.00001651	0.00144017	0.00654179
0.00003943	0.00001555	0.00145768	0.00653673
0.00004203	0.00001702	0.00153338	0.00656493
0.00004053	0.00001684	0.00154531	0.00667396
0.00004017	0.00001711	0.00146522	0.00668031
0.00004055	0.00001770	0.00159904	0.00661462
0.00004133	0.00001848	0.00146386	0.00671807
0.00004034	0.00001848	0.00148482	0.00672180
0.00003931	0.00001843	0.00156230	0.00683901
0.00003527	0.00001692	0.00149885	0.00681978
0.00003954	0.00001941	0.00152626	0.00683523
0.00003887	0.00001951	0.00159276	0.00697764
0.00003793	0.00001947	0.00162903	0.00699950
0.00003798	0.00001992	0.00174205	0.00708228
0.00003888	0.00002085	0.00183543	0.00711688
0.00003539	0.00001939	0.00197588	0.00696294
0.00003784	0.00002117	0.00188846	0.00682061
0.00003744	0.00002139	0.00176499	0.00674300
0.00003884	0.00002265	0.00176901	0.00675443
0.00003640	0.00002166	0.00165343	0.00681478
0.00003828	0.00002325	0.00162758	0.00688316
0.00003285	0.00002035	0.00161597	0.00682751
0.00003474	0.00002196	0.00158819	0.00694179
0.00003426	0.00002209	0.00158272	0.00696788
0.00003561	0.00002342	0.00162102	0.00704507
0.00003658	0.00002452	0.00159828	0.00701046
0.00003593	0.00002456	0.00158271	0.00702591
0.00003526	0.00002457	0.00160424	0.00710680
0.00003418	0.00002427	0.00158414	0.00710287
0.00003348	0.00002422	0.00151040	0.00705546
0.00003634	0.00002680	0.00153838	0.00721976
0.00003332	0.00002503	0.00158728	0.00725886
0.00003480	0.00002664	0.00157051	0.00721377
0.00003181	0.00002480	0.00155680	0.00729794
0.00003329	0.00002643	0.00157005	0.00736808
0.00003101	0.00002508	0.00157760	0.00736080
0.00003097	0.00002551	0.00154535	0.00738777
0.00003097	0.00002598	0.00152737	0.00746689
0.00003205	0.00002738	0.00160127	0.00749623
0.00002941	0.00002558	0.00157941	0.00754358
0.00003092	0.00002739	0.00155635	0.00760703
0.00002994	0.00002700	0.00157257	0.00762811
0.00002988	0.00002743	0.00156150	0.00757288
0.00002894	0.00002705	0.00163673	0.00762926
0.00003107	0.00002957	0.00158885	0.00774107
0.00002703	0.00002619	0.00152995	0.00772651
0.00002982	0.00002942	0.00168800	0.00781518
0.00002730	0.00002742	0.00171620	0.00783208
0.00002803	0.00002866	0.00174596	0.00782218
0.00002747	0.00002859	0.00164319	0.00789185
0.00002799	0.00002966	0.00162601	0.00787961
0.00002650	0.00002859	0.00172505	0.00789359
0.00002688	0.00002952	0.00159923	0.00785202
0.00002481	0.00002774	0.00157841	0.00794165
0.00002666	0.00003036	0.00161523	0.00795661
0.00002408	0.00002792	0.00163413	0.00792879
0.00002576	0.00003042	0.00151620	0.00809351
0.00002452	0.00002948	0.00160208	0.00815418
0.00002637	0.00003228	0.00157568	0.00815801
0.00002274	0.00002836	0.00156762	0.00820588
0.00002484	0.00003154	0.00159233	0.00828286
0.00002386	0.00003087	0.00163348	0.00827500
0.00002248	0.00002963	0.00163293	0.00834291
0.00002270	0.00003049	0.00165240	0.00843669
0.00002288	0.00003131	0.00166653	0.00841831
0.00002140	0.00002984	0.00161975	0.00843762
0.00002299	0.00003266	0.00164317	0.00847797
0.00002073	0.00003002	0.00161958	0.00844113
0.00002154	0.00003181	0.00170905	0.00857677
0.00001907	0.00002870	0.00169627	0.00852357
0.00002137	0.00003279	0.00163588	0.00867352
0.00002048	0.00003206	0.00161132	0.00868379
0.00002128	0.00003398	0.00155010	0.00871858
0.00001941	0.00003162	0.00161962	0.00879567
0.00002081	0.00003459	0.00163173	0.00886569
0.00001886	0.00003199	0.00160166	0.00885827
0.00001963	0.00003399	0.00157337	0.00892751
0.00001804	0.00003190	0.00159570	0.00909308
0.00001851	0.00003341	0.00164675	0.00905792
0.00001772	0.00003267	0.00172941	0.00908876
0.00001717	0.00003235	0.00165599	0.00913830
0.00001642	0.00003162	0.00167812	0.00911988
0.00001719	0.00003383	0.00166651	0.00925274
0.00001649	0.00003319	0.00160514	0.00927484
0.00001637	0.00003371	0.00162078	0.00931815
0.00001534	0.00003232	0.00169444	0.00942137
0.00001643	0.00003544	0.00170807	0.00940704
0.00001472	0.00003250	0.00164039	0.00949708
0.00001516	0.00003428	0.00162029	0.00946282
0.00001425	0.00003302	0.00167372	0.00957961
0.00001410	0.00003349	0.00164038	0.00960265
0.00001432	0.00003489	0.00170769	0.00967279
0.00001403	0.00003508	0.00166739	0.00971221
0.00001269	0.00003256	0.00169239	0.00969055
0.00001318	0.00003475	0.00163719	0.00983980
0.00001285	0.00003480	0.00169064	0.00985893
0.00001229	0.00003422	0.00167475	0.00988855
0.00001150	0.00003294	0.00162740	0.00997100
0.00001208	0.00003565	0.00164798	0.00999508
0.00001120	0.00003402	0.00165340	0.01002080
0.00001107	0.00003467	0.00164321	0.01014687
0.00001055	0.00003411	0.00158848	0.01020442
0.00001038	0.00003466	0.00158084	0.01033388
0.00000976	0.00003368	0.00160629	0.01041701
0.00000953	0.00003402	0.00166570	0.01051819
0.00000903	0.00003339	0.00162900	0.01057624
0.00000882	0.00003380	0.00166752	0.01063850
0.00000800	0.00003181	0.00169834	0.01070785
0.00000758	0.00003132	0.00161152	0.01077334
0.00000738	0.00003174	0.00167697	0.01074422
0.00000740	0.00003318	0.00167233	0.01088613
0.00000732	0.00003424	0.00177358	0.01101833
0.00000729	0.00003566	0.00176320	0.01109190
0.00000626	0.00003209	0.00174905	0.01114846
0.00000598	0.00003220	0.00176323	0.01120057
0.00000604	0.00003421	0.00177643	0.01137470
0.00000576	0.00003440	0.00189222	0.01140987
0.00000508	0.00003214	0.00192180	0.01143087
0.00000521	0.00003499	0.00199822	0.01142823
0.00000454	0.00003245	0.00204294	0.01133821
0.00000458	0.00003503	0.00189056	0.01128847
0.00000392	0.00003227	0.00175464	0.01135246
0.00000410	0.00003643	0.00179816	0.01151727
0.00000352	0.00003405	0.00173541	0.01166395
0.00000350	0.00003710	0.00178059	0.01179721
0.00000281	0.00003286	0.00174274	0.01183939
0.00000259	0.00003395	0.00178666	0.01191645
0.00000219	0.00003245	0.00172864	0.01204814
0.00000209	0.00003583	0.00176161	0.01212936
0.00000166	0.00003349	0.00172003	0.01227140
0.00000139	0.00003423	0.00178355	0.01238014
0.00000105	0.00003318	0.00178234	0.01241345
0.00000077	0.00003394	0.00171632	0.01250454
0.00000044	0.00003210	0.00188231	0.01265716
0.00000016	0.00003506	0.00182734	0.01273165
-0.00000015	0.00003371	0.00181734	0.01284119
-0.00000045	0.00003379	0.00192021	0.01293364
-0.00000069	0.00003121	0.00189972	0.01296514
-0.00000104	0.00003345	0.00193858	0.01296687
-0.00000127	0.00003160	0.00192678	0.01304172
-0.00000177	0.00003604	0.00188021	0.01317942
-0.00000185	0.00003191	0.00183837	0.01318612
-0.00000224	0.00003334	0.00181807	0.01334762
-0.00000238	0.00003133	0.00187991	0.01344710
-0.00000285	0.00003345	0.00192255	0.01349381
-0.00000306	0.00003254	0.00180494	0.01367664
-0.00000337	0.00003267	0.00190438	0.01377645
-0.00000344	0.00003067	0.00184888	0.01387329
-0.00000372	0.00003068	0.00186760	0.01401587
-0.00000407	0.00003123	0.00186087	0.01411016
-0.00000472	0.00003384	0.00189523	0.01421209
-0.00000465	0.00003132	0.00186923	0.01433956
-0.00000470	0.00002979	0.00182661	0.01438574
-0.00000523	0.00003131	0.00185134	0.01454674
-0.00000535	0.00003036	0.00190916	0.01469855
-0.00000579	0.00003122	0.00190189	0.01478748
-0.00000626	0.00003215	0.00188264	0.01493630
-0.00000618	0.00003029	0.00195346	0.01503905
-0.00000669	0.00003136	0.00191601	0.01516624
-0.00000682	0.00003063	0.00193748	0.01528915
-0.00000724	0.00003121	0.00191194	0.01546195
-0.00000735	0.00003041	0.00196225	0.01556857
-0.00000768	0.00003058	0.00198072	0.01569827
-0.00000755	0.00002898	0.00193092	0.01584551
-0.00000804	0.00002975	0.00190428	0.01602837
-0.00000793	0.00002833	0.00195205	0.01621971
-0.00000821	0.00002838	0.00202552	0.01636553
-0.00000868	0.00002900	0.00199840	0.01643204
-0.00000919	0.00002976	0.00198027	0.01665414
-0.00000915	0.00002871	0.00202166	0.01670925
-0.00000978	0.00002977	0.00219677	0.01686163
-0.00000940	0.00002777	0.00215612	0.01702263
-0.00000935	0.00002683	0.00213792	0.01718841
-0.00001032	0.00002877	0.00211048	0.01733642
-0.00001064	0.00002886	0.00209095	0.01753543
-0.00001013	0.00002672	0.00217004	0.01768559
-0.00001140	0.00002928	0.00212478	0.01789692
-0.00001030	0.00002577	0.00211411	0.01799881
-0.00001167	0.00002845	0.00216621	0.01819521
-0.00001158	0.00002752	0.00215218	0.01841035
-0.00001193	0.00002767	0.00215605	0.01848749
-0.00001120	0.00002535	0.00214695	0.01867234
-0.00001323	0.00002924	0.00220663	0.01888838
-0.00001163	0.00002510	0.00220623	0.01909891
-0.00001126	0.00002374	0.00221944	0.01926580
-0.00001199	0.00002471	0.00217828	0.01944684
-0.00001240	0.00002497	0.00224089	0.01973391
-0.00001245	0.00002453	0.00219636	0.01990913
-0.00001256	0.00002421	0.00225040	0.02024708
-0.00001301	0.00002454	0.00226526	0.02037415
-0.00001345	0.00002483	0.00227378	0.02065273
-0.00001385	0.00002502	0.00232079	0.02077829
-0.00001298	0.00002297	0.00239388	0.02099622
-0.00001308	0.00002267	0.00232967	0.02129901
-0.00001522	0.00002583	0.00232072	0.02148562
-0.00001414	0.00002351	0.00235533	0.02168369
-0.00001549	0.00002525	0.00237132	0.02195454
-0.00001471	0.00002351	0.00230636	0.02224409
-0.00001570	0.00002460	0.00230630	0.02255643
-0.00001382	0.00002122	0.00242352	0.02283620
-0.00001595	0.00002403	0.00242023	0.02313425
-0.00001459	0.00002155	0.00246789	0.02345648
-0.00001619	0.00002347	0.00242398	0.02367196
-0.00001599	0.00002273	0.00243595	0.02403175
-0.00001554	0.00002169	0.00248228	0.02428414
-0.00001686	0.00002308	0.00249996	0.02467217
-0.00001700	0.00002285	0.00263695	0.02503816
-0.00001579	0.00002082	0.00262428	0.02527148
-0.00001597	0.00002068	0.00275263	0.02553606
-0.00001721	0.00002187	0.00273189	0.02592934
-0.00001609	0.00002007	0.00265081	0.02623184
-0.00001632	0.00001999	0.00265785	0.02655335
-0.00001654	0.00001990	0.00262444	0.02700693
-0.00001613	0.00001906	0.00262321	0.02732999
-0.00001712	0.00001986	0.00261274	0.02780532
-0.00001728	0.00001969	0.00266113	0.02825396
-0.00001800	0.00002014	0.00266342	0.02865935
-0.00001642	0.00001805	0.00270926	0.02904947
-0.00001929	0.00002083	0.00275251	0.02959567
-0.00001762	0.00001868	0.00270151	0.03000323
-0.00001716	0.00001787	0.00280823	0.03054867
-0.00001800	0.00001841	0.00277561	0.03100125
-0.00001937	0.00001946	0.00282561	0.03152379
-0.00001720	0.00001698	0.00290449	0.03207967
-0.00001822	0.00001767	0.00299505	0.03262784
-0.00001852	0.00001764	0.00310818	0.03321490
-0.00001895	0.00001772	0.00304106	0.03372709
-0.00001973	0.00001813	0.00305198	0.03440204
-0.00001765	0.00001592	0.00307245	0.03502332
-0.00001930	0.00001711	0.00309645	0.03566746
-0.00001874	0.00001631	0.00324440	0.03629760
-0.00001902	0.00001626	0.00327265	0.03697333
-0.00001822	0.00001530	0.00326522	0.03778491
-0.00001819	0.00001500	0.00328352	0.03851711
-0.00001974	0.00001598	0.00337279	0.03931842
-0.00001972	0.00001567	0.00341117	0.04007394
-0.00001769	0.00001380	0.00349957	0.04108920
-0.00002002	0.00001533	0.00362444	0.04192660
-0.00001912	0.00001437	0.00366751	0.04287057
-0.00001897	0.00001400	0.00372079	0.04377689
-0.00001988	0.00001439	0.00385547	0.04483497
-0.00001895	0.00001347	0.00394288	0.04606029
-0.00002012	0.00001403	0.00409164	0.04706214
-0.00001804	0.00001234	0.00418440	0.04822239
-0.00002022	0.00001356	0.00431817	0.04950205
-0.00001954	0.00001286	0.00440355	0.05074939
-0.00001936	0.00001249	0.00452365	0.05220945
-0.00002047	0.00001295	0.00470780	0.05356339
-0.00001964	0.00001218	0.00484331	0.05507703
-0.00001903	0.00001157	0.00502959	0.05673169
-0.00001795	0.00001069	0.00516993	0.05831477
-0.00002101	0.00001226	0.00545367	0.06015378
-0.00002019	0.00001154	0.00563340	0.06212862
-0.00001923	0.00001076	0.00581623	0.06402166
-0.00001948	0.00001068	0.00613425	0.06628227
-0.00001902	0.00001020	0.00635045	0.06850776
-0.00002026	0.00001064	0.00673775	0.07097296
-0.00001892	0.00000972	0.00693092	0.07366997
-0.00001988	0.00000999	0.00726436	0.07664376
-0.00001895	0.00000931	0.00774652	0.07963686
-0.00001864	0.00000895	0.00822932	0.08296753
-0.00002093	0.00000982	0.00879783	0.08670611
-0.00001623	0.00000744	0.00938276	0.09069716
-0.00001832	0.00000820	0.01010906	0.09507068
-0.00002142	0.00000936	0.01080312	0.09983846
-0.00001985	0.00000846	0.01187616	0.10520813
-0.00001866	0.00000776	0.01281852	0.11100644
-0.00002000	0.00000811	0.01426368	0.11766084
-0.00001860	0.00000734	0.01565040	0.12524848
-0.00001848	0.00000711	0.01766944	0.13361669
-0.00001860	0.00000696	0.01999646	0.14325503
-0.00001982	0.00000722	0.02275799	0.15433597
-0.00001861	0.00000659	0.02652697	0.16727371
-0.00001733	0.00000596	0.03154795	0.18224714
-0.00001769	0.00000591	0.03749311	0.20005729
-0.00001801	0.00000584	0.04625791	0.22169402
-0.00001902	0.00000598	0.05816295	0.24865373
-0.00001956	0.00000595	0.07652147	0.28206736
-0.00001802	0.00000531	0.10424871	0.32396223
-0.00001890	0.00000539	0.14944386	0.37733716
-0.00001868	0.00000515	0.23257802	0.44262840
-0.00001641	0.00000436	0.38146776	0.49342173
-0.00001891	0.00000484	0.59473604	0.45909465
-0.00002168	0.00000535	0.81585567	0.30364355
-0.00002024	0.00000480	0.94075963	-0.03525608
-0.00001880	0.00000428	0.78133040	-0.34283856
-0.00001827	0.00000399	0.55914361	-0.47498661
-0.00002016	0.00000421	0.35163361	-0.49066569
-0.00001680	0.00000336	0.21574708	-0.43418525
-0.00002072	0.00000395	0.14111446	-0.36959611
-0.00001704	0.00000309	0.09954577	-0.31828240
-0.00001818	0.00000313	0.07378849	-0.27799525
-0.00001865	0.00000303	0.05666058	-0.24560396
-0.00002003	0.00000308	0.04552894	-0.21963136
-0.00001627	0.00000235	0.03719590	-0.19846887
-0.00001895	0.00000256	0.03143982	-0.18128838
-0.00001727	0.00000218	0.02662770	-0.16659952
-0.00001879	0.00000220	0.02301295	-0.15393343
-0.00001911	0.00000206	0.02033282	-0.14315078
-0.00001793	0.00000178	0.01812334	-0.13370748
-0.00001849	0.00000166	0.01613463	-0.12542120
-0.00001711	0.00000138	0.01484050	-0.11806087
-0.00001664	0.00000120	0.01349196	-0.11140102
-0.00001837	0.00000116	0.01250802	-0.10572564
-0.00001863	0.00000101	0.01150280	-0.10035636
-0.00001804	0.00000081	0.01078371	-0.09567629
-0.00001849	0.00000067	0.01008110	-0.09133819
-0.00001850	0.00000050	0.00950465	-0.08740379
-0.00001701	0.00000031	0.00899989	-0.08368335
-0.00001740	0.00000016	0.00852354	-0.08034381
-0.00001696	0.00000000	0.00798114	-0.07732580
-0.00001833	-0.00000016	0.00765968	-0.07440069
-0.00001602	-0.00000028	0.00748034	-0.07178193
-0.00001834	-0.00000049	0.00712325	-0.06927170
-0.00001570	-0.00000056	0.00686003	-0.06707771
-0.00001651	-0.00000074	0.00660620	-0.06479943
-0.00001663	-0.00000089	0.00634640	-0.06291225
-0.00001840	-0.00000115	0.00620376	-0.06099123
-0.00001489	-0.00000106	0.00596744	-0.05910435
-0.00001709	-0.00000138	0.00576387	-0.05752335
-0.00001753	-0.00000157	0.00560385	-0.05587780
-0.00001944	-0.00000192	0.00547401	-0.05436658
-0.00001678	-0.00000181	0.00524895	-0.05299173
-0.00001610	-0.00000188	0.00516295	-0.05155311
-0.00001633	-0.00000205	0.00505273	-0.05031616
-0.00001766	-0.00000238	0.00495087	-0.04903557
-0.00001588	-0.00000229	0.00486448	-0.04786962
-0.00001749	-0.00000268	0.00465640	-0.04684800
-0.00001511	-0.00000245	0.00463411	-0.04566377
-0.00001627	-0.00000279	0.00453022	-0.04455963
-0.00001756	-0.00000317	0.00443362	-0.04363765
-0.00001673	-0.00000318	0.00439540	-0.04271201
-0.00001486	-0.00000296	0.00424325	-0.04185646
-0.00001735	-0.00000362	0.00422425	-0.04084200
-0.00001481	-0.00000323	0.00415095	-0.04006385
-0.00001528	-0.00000347	0.00406112	-0.03923721
-0.00001354	-0.00000321	0.00400489	-0.03851162
-0.00001663	-0.00000409	0.00404548	-0.03773179
-0.00001559	-0.00000399	0.00402860	-0.03705036
-0.00001710	-0.00000454	0.00387451	-0.03635585
-0.00001478	-0.00000406	0.00382355	-0.03571081
-0.00001570	-0.00000447	0.00377993	-0.03509757
-0.00001580	-0.00000465	0.00379148	-0.03443057
-0.00001567	-0.00000476	0.00382620	-0.03396020
-0.00001237	-0.00000388	0.00375517	-0.03335647
-0.00001699	-0.00000550	0.00367462	-0.03278342
-0.00001448	-0.00000483	0.00360628	-0.03220126
-0.00001567	-0.00000538	0.00354879	-0.03165003
-0.00001430	-0.00000506	0.00354414	-0.03122035
-0.00001328	-0.00000483	0.00347025	-0.03063640
-0.00001449	-0.00000542	0.00346776	-0.03025276
-0.00001735	-0.00000667	0.00347652	-0.02970776
-0.00001299	-0.00000512	0.00340839	-0.02928109
-0.00001478	-0.00000598	0.00338151	-0.02888304
-0.00001398	-0.00000581	0.00333762	-0.02842673
-0.00001417	-0.00000603	0.00337164	-0.02795381
-0.00001317	-0.00000575	0.00332922	-0.02761442
-0.00001311	-0.00000586	0.00339098	-0.02718193
-0.00001601	-0.00000733	0.00336478	-0.02683250
-0.00001369	-0.00000642	0.00341056	-0.02657014
-0.00001260	-0.00000605	0.00348670	-0.02621048
-0.00001227	-0.00000602	0.00336486	-0.02587422
-0.00001178	-0.00000592	0.00332958	-0.02566279
-0.00001371	-0.00000704	0.00322185	-0.02527119
-0.00001138	-0.00000597	0.00323041	-0.02488421
-0.00001290	-0.00000692	0.00315199	-0.02460137
-0.00001111	-0.00000608	0.00315487	-0.02423859
-0.00001312	-0.00000734	0.00315089	-0.02404020
-0.00001104	-0.00000630	0.00312335	-0.02372074
-0.00001429	-0.00000833	0.00313934	-0.02344019
-0.00001245	-0.00000741	0.00303170	-0.02311075
-0.00001315	-0.00000799	0.00302542	-0.02279580
-0.00001199	-0.00000743	0.00309112	-0.02253328
-0.00001158	-0.00000732	0.00309986	-0.02224611
-0.00001123	-0.00000724	0.00304824	-0.02201047
-0.00001362	-0.00000895	0.00301281	-0.02182499
-0.00001116	-0.00000748	0.00310850	-0.02157375
-0.00001106	-0.00000756	0.00306332	-0.02131265
-0.00000817	-0.00000569	0.00296671	-0.02115629
-0.00001282	-0.00000910	0.00297711	-0.02088921
-0.00000967	-0.00000699	0.00290946	-0.02076209
-0.00001069	-0.00000788	0.00290626	-0.02042581
-0.00000987	-0.00000741	0.00292197	-0.02026912
-0.00001078	-0.00000825	0.00290411	-0.01996026
-0.00001000	-0.00000780	0.00292999	-0.01978061
-0.00001228	-0.00000975	0.00290629	-0.01960540
-0.00000905	-0.00000732	0.00291824	-0.01940543
-0.00000944	-0.00000778	0.00288119	-0.01915757
-0.00000792	-0.00000664	0.00289001	-0.01895545
-0.00001016	-0.00000868	0.00283010	-0.01886179
-0.00000781	-0.00000679	0.00285516	-0.01867446
-0.00000906	-0.00000802	0.00282142	-0.01844949
-0.00000755	-0.00000681	0.00278250	-0.01834236
-0.00000955	-0.00000877	0.00284317	-0.01817350
-0.00000688	-0.00000643	0.00276594	-0.01798873
-0.00000924	-0.00000879	0.00278759	-0.01780095
-0.00000782	-0.00000758	0.00280491	-0.01766329
-0.00000832	-0.00000821	0.00283169	-0.01751316
-0.00000643	-0.00000646	0.00290298	-0.01738824
-0.00000749	-0.00000766	0.00277508	-0.01714883
-0.00000677	-0.00000704	0.00266986	-0.01705748
-0.00000818	-0.00000867	0.00270498	-0.01685316
-0.00000752	-0.00000811	0.00269351	-0.01679492
-0.00000703	-0.00000772	0.00262370	-0.01663801
-0.00000668	-0.00000747	0.00258267	-0.01643623
-0.00000789	-0.00000898	0.00260790	-0.01626323
-0.00000649	-0.00000753	0.00265831	-0.01613617
-0.00000699	-0.00000825	0.00265174	-0.01599710
-0.00000601	-0.00000722	0.00258900	-0.01586436
-0.00000709	-0.00000869	0.00262463	-0.01570932
-0.00000641	-0.00000799	0.00260272	-0.01556880
-0.00000797	-0.00001012	0.00264174	-0.01545958
-0.00000596	-0.00000770	0.00256995	-0.01532135
-0.00000803	-0.00001058	0.00259194	-0.01518132
-0.00000550	-0.00000739	0.00258625	-0.01509700
-0.00000668	-0.00000914	0.00254905	-0.01492739
-0.00000593	-0.00000827	0.00254009	-0.01473917
-0.00000771	-0.00001096	0.00253446	-0.01469036
-0.00000532	-0.00000770	0.00256497	-0.01458279
-0.00000595	-0.00000878	0.00253194	-0.01446247
-0.00000524	-0.00000788	0.00252285	-0.01437289
-0.00000516	-0.00000792	0.00251497	-0.01422410
-0.00000491	-0.00000768	0.00256297	-0.01415385
-0.00000630	-0.00001006	0.00246190	-0.01400682
-0.00000451	-0.00000734	0.00260105	-0.01388237
-0.00000540	-0.00000897	0.00255944	-0.01380384
-0.00000523	-0.00000886	0.00249661	-0.01367341
-0.00000535	-0.00000927	0.00253566	-0.01350664
-0.00000355	-0.00000628	0.00252392	-0.01349303
-0.00000517	-0.00000933	0.00259086	-0.01338330
-0.00000413	-0.00000762	0.00261802	-0.01330025
-0.00000437	-0.00000824	0.00255414	-0.01326358
-0.00000410	-0.00000788	0.00254841	-0.01325513
-0.00000480	-0.00000945	0.00245375	-0.01313383
-0.00000366	-0.00000736	0.00245358	-0.01303678
-0.00000366	-0.00000754	0.00250141	-0.01301054
-0.00000448	-0.00000943	0.00238395	-0.01279132
-0.00000525	-0.00001131	0.00242770	-0.01271507
-0.00000415	-0.00000916	0.00240325	-0.01268315
-0.00000440	-0.00000995	0.00234195	-0.01255901
-0.00000303	-0.00000703	0.00239324	-0.01244422
-0.00000320	-0.00000760	0.00235400	-0.01234206
-0.00000303	-0.00000738	0.00242552	-0.01224048
-0.00000370	-0.00000925	0.00238846	-0.01212927
-0.00000297	-0.00000763	0.00239450	-0.01210248
-0.00000349	-0.00000921	0.00236602	-0.01195945
-0.00000354	-0.00000959	0.00244557	-0.01184371
-0.00000338	-0.00000941	0.00244939	-0.01162876
-0.00000194	-0.00000555	0.00257034	-0.01156477
-0.00000365	-0.00001077	0.00269490	-0.01164324
-0.00000196	-0.00000594	0.00262980	-0.01170530
-0.00000213	-0.00000667	0.00254523	-0.01168933
-0.00000192	-0.00000621	0.00250295	-0.01167984
-0.00000284	-0.00000947	0.00237092	-0.01162064
-0.00000262	-0.00000903	0.00238989	-0.01146780
-0.00000238	-0.00000850	0.00236163	-0.01140335
-0.00000121	-0.00000446	0.00235967	-0.01136196
-0.00000214	-0.00000821	0.00237423	-0.01132034
-0.00000202	-0.00000804	0.00231451	-0.01116119
-0.00000199	-0.00000822	0.00235684	-0.01101191
-0.00000129	-0.00000556	0.00224317	-0.01097553
-0.00000208	-0.00000934	0.00230341	-0.01095726
-0.00000158	-0.00000741	0.00228315	-0.01088418
-0.00000143	-0.00000698	0.00223900	-0.01080538
-0.00000157	-0.00000803	0.00226032	-0.01077633
-0.00000122	-0.00000655	0.00222242	-0.01066300
-0.00000123	-0.00000696	0.00219133	-0.01057065
-0.00000128	-0.00000764	0.00221262	-0.01044247
-0.00000095	-0.00000603	0.00225157	-0.01040189
-0.00000111	-0.00000747	0.00230154	-0.01027882
-0.00000069	-0.00000494	0.00229192	-0.01022722
-0.00000080	-0.00000613	0.00225101	-0.01017979
-0.00000055	-0.00000453	0.00230079	-0.01011609
-0.00000101	-0.00000897	0.00231365	-0.01008691
-0.00000073	-0.00000703	0.00224139	-0.01004248
-0.00000075	-0.00000798	0.00233544	-0.00992422
-0.00000050	-0.00000584	0.00228586	-0.00990939
-0.00000051	-0.00000669	0.00231713	-0.00989561
-0.00000044	-0.00000646	0.00226941	-0.00979533
-0.00000034	-0.00000584	0.00227949	-0.00978671
-0.00000025	-0.00000515	0.00226539	-0.00964249
-0.00000030	-0.00000748	0.00222796	-0.00966089
-0.00000017	-0.00000535	0.00230718	-0.00961190
-0.00000012	-0.00000524	0.00227765	-0.00962480
-0.00000006	-0.00000464	0.00223744	-0.00950089
-0.00000003	-0.00000572	0.00220544	-0.00943477
0.00000002	-0.00000456	0.00223171	-0.00944191
0.00000008	-0.00000640	0.00229174	-0.00932417
0.00000012	-0.00000527	0.00224424	-0.00931036
0.00000020	-0.00000629	0.00231993	-0.00930472
0.00000021	-0.00000528	0.00226011	-0.00923701
0.00000031	-0.00000636	0.00215974	-0.00925294
0.00000012	-0.00000212	0.00217466	-0.00910064
0.00000029	-0.00000438	0.00220487	-0.00902785
0.00000036	-0.00000474	0.00220546	-0.00904037
0.00000059	-0.00000699	0.00220912	-0.00897914
0.00000040	-0.00000430	0.00215410	-0.00886186
0.00000067	-0.00000654	0.00218793	-0.00883846
0.00000066	-0.00000591	0.00218107	-0.00884019
0.00000084	-0.00000691	0.00229415	-0.00872936
0.00000069	-0.00000527	0.00228215	-0.00878079
0.00000069	-0.00000494	0.00225977	-0.00861011
0.00000030	-0.00000201	0.00224332	-0.00862963
0.00000102	-0.00000646	0.00221783	-0.00857343
0.00000047	-0.00000280	0.00224929	-0.00856928
0.00000122	-0.00000690	0.00220981	-0.00858813
0.00000091	-0.00000492	0.00221449	-0.00850664
0.00000074	-0.00000382	0.00223588	-0.00843948
0.00000078	-0.00000385	0.00217758	-0.00842273
0.00000116	-0.00000546	0.00216261	-0.00833968
0.00000087	-0.00000391	0.00216596	-0.00828649
0.00000110	-0.00000474	0.00217028	-0.00829593
0.00000083	-0.00000343	0.00208208	-0.00820378
0.00000129	-0.00000513	0.00224067	-0.00809626
0.00000102	-0.00000393	0.00221465	-0.00808790
0.00000154	-0.00000571	0.00216528	-0.00804634
0.00000083	-0.00000296	0.00219748	-0.00794919
0.00000119	-0.00000411	0.00228606	-0.00803187
0.00000115	-0.00000383	0.00220289	-0.00797049
0.00000153	-0.00000494	0.00217559	-0.00798218
0.00000176	-0.00000552	0.00228847	-0.00797577
0.00000087	-0.00000265	0.00226696	-0.00797945
0.00000088	-0.00000259	0.00225082	-0.00797401
0.00000106	-0.00000305	0.00213249	-0.00781531
0.00000021	-0.00000059	0.00213138	-0.00784558
0.00000155	-0.00000420	0.00221422	-0.00777795
0.00000105	-0.00000276	0.00217421	-0.00767094
0.00000131	-0.00000337	0.00213586	-0.00770819
0.00000092	-0.00000231	0.00210094	-0.00768748
0.00000079	-0.00000193	0.00212418	-0.00764585
0.00000119	-0.00000283	0.00215639	-0.00761765
0.00000163	-0.00000378	0.00208615	-0.00755539
0.00000111	-0.00000251	0.00211037	-0.00748272
0.00000176	-0.00000390	0.00213751	-0.00746015
0.00000144	-0.00000311	0.00211125	-0.00746312
0.00000146	-0.00000307	0.00211005	-0.00739814
0.00000069	-0.00000143	0.00214997	-0.00731386
0.00000108	-0.00000219	0.00213407	-0.00735443
0.00000068	-0.00000133	0.00208573	-0.00731110
0.00000228	-0.00000440	0.00211485	-0.00712995
0.00000103	-0.00000195	0.00214072	-0.00717259
0.00000180	-0.00000333	0.00214380	-0.00718809
0.00000201	-0.00000362	0.00215144	-0.00710154
0.00000157	-0.00000278	0.00216117	-0.00707455
0.00000133	-0.00000231	0.00215088	-0.00711601
0.00000154	-0.00000261	0.00213649	-0.00703232
0.00000185	-0.00000308	0.00212713	-0.00700324
0.00000331	-0.00000540	0.00219301	-0.00689379
0.00000175	-0.00000280	0.00216113	-0.00692384
0.00000280	-0.00000439	0.00218898	-0.00686136
0.00000208	-0.00000320	0.00231807	-0.00683897
0.00000229	-0.00000345	0.00233459	-0.00678583
0.00000111	-0.00000164	0.00242441	-0.00687586
0.00000232	-0.00000336	0.00248259	-0.00705295
0.00000302	-0.00000430	0.00231081	-0.00717397
0.00000196	-0.00000274	0.00223092	-0.00716027
0.00000145	-0.00000199	0.00214971	-0.00706402
0.00000283	-0.00000380	0.00209686	-0.00704957
0.00000275	-0.00000363	0.00208194	-0.00689805
0.00000356	-0.00000461	0.00203662	-0.00684938
0.00000152	-0.00000193	0.00205740	-0.00690612
0.00000068	-0.00000085	0.00203014	-0.00677255
0.00000157	-0.00000192	0.00197539	-0.00674252
0.00000167	-0.00000201	0.00213995	-0.00671001
0.00000324	-0.00000383	0.00198845	-0.00669149
0.00000420	-0.00000488	0.00202863	-0.00673727
0.00000162	-0.00000184	0.00206982	-0.00665045
0.00000372	-0.00000416	0.00201293	-0.00657674
0.00000223	-0.00000245	0.00196995	-0.00655782
0.00000225	-0.00000243	0.00195966	-0.00657168
0.00000254	-0.00000269	0.00201049	-0.00653992
0.00000450	-0.00000469	0.00201221	-0.00642429
0.00000321	-0.00000329	0.00200569	-0.00646084
0.00000311	-0.00000312	0.00197024	-0.00635361
0.00000232	-0.00000229	0.00191856	-0.00640110
0.00000374	-0.00000362	0.00193911	-0.00641142
0.00000247	-0.00000235	0.00193358	-0.00631927
0.00000276	-0.00000259	0.00198134	-0.00630904
0.00000160	-0.00000147	0.00193206	-0.00624893
0.00000341	-0.00000308	0.00199304	-0.00623333
0.00000077	-0.00000068	0.00202473	-0.00621508
0.00000244	-0.00000213	0.00197686	-0.00621825
0.00000208	-0.00000178	0.00193926	-0.00612345
0.00000141	-0.00000119	0.00197230	-0.00619120
0.00000274	-0.00000226	0.00191639	-0.00612578
0.00000269	-0.00000218	0.00199098	-0.00605534
0.00000244	-0.00000194	0.00197034	-0.00609706
0.00000315	-0.00000246	0.00198498	-0.00604662
0.00000276	-0.00000211	0.00191465	-0.00612757
0.00000291	-0.00000219	0.00196947	-0.00612360
0.00000209	-0.00000154	0.00191419	-0.00594655
0.00000139	-0.00000101	0.00195589	-0.00596606
0.00000074	-0.00000053	0.00191276	-0.00591777
0.00000312	-0.00000218	0.00198622	-0.00591215
0.00000147	-0.00000101	0.00192511	-0.00593328
0.00000329	-0.00000221	0.00190248	-0.00585674
0.00000246	-0.00000162	0.00196942	-0.00583022
0.00000282	-0.00000182	0.00193096	-0.00585610
0.00000175	-0.00000110	0.00192300	-0.00577418
0.00000292	-0.00000181	0.00191149	-0.00587854
0.00000295	-0.00000179	0.00193059	-0.00570486
0.00000435	-0.00000259	0.00196664	-0.00575540
0.00000152	-0.00000089	0.00193181	-0.00571796
0.00000396	-0.00000226	0.00193591	-0.00561566
0.00000231	-0.00000129	0.00191606	-0.00568162
0.00000390	-0.00000214	0.00197179	-0.00564456
0.00000237	-0.00000127	0.00192594	-0.00561383
0.00000386	-0.00000203	0.00193906	-0.00564435
0.00000163	-0.00000084	0.00188439	-0.00559520
0.00000441	-0.00000222	0.00193114	-0.00552468
0.00000303	-0.00000149	0.00194792	-0.00557825
0.00000201	-0.00000097	0.00191963	-0.00550758
0.00000145	-0.00000068	0.00193226	-0.00553068
0.00000318	-0.00000146	0.00198172	-0.00551346
0.00000378	-0.00000169	0.00192899	-0.00543999
0.00000329	-0.00000144	0.00197994	-0.00544407
0.00000214	-0.00000091	0.00192503	-0.00550119
0.00000417	-0.00000174	0.00200174	-0.00543789
0.00000205	-0.00000083	0.00188688	-0.00549419
0.00000266	-0.00000105	0.00189809	-0.00540646
0.00000189	-0.00000073	0.00187349	-0.00539259
0.00000345	-0.00000129	0.00191706	-0.00543352
0.00000102	-0.00000037	0.00188996	-0.00538264
0.00000438	-0.00000155	0.00186283	-0.00542752
0.00000171	-0.00000059	0.00182604	-0.00537531
0.00000405	-0.00000135	0.00184032	-0.00528938
0.00000271	-0.00000088	0.00182985	-0.00526438
0.00000457	-0.00000144	0.00184278	-0.00520263
0.00000186	-0.00000057	0.00184524	-0.00523587
0.00000425	-0.00000125	0.00184207	-0.00522705
0.00000439	-0.00000125	0.00189307	-0.00518707
0.00000242	-0.00000067	0.00182657	-0.00509799
0.00000237	-0.00000063	0.00183389	-0.00511522
0.00000183	-0.00000047	0.00184762	-0.00506481
0.00000299	-0.00000074	0.00181545	-0.00515001
0.00000542	-0.00000129	0.00177886	-0.00514781
0.00000241	-0.00000055	0.00191622	-0.00509185
0.00000269	-0.00000059	0.00185141	-0.00507004
0.00000285	-0.00000060	0.00184330	-0.00499659
0.00000195	-0.00000039	0.00186384	-0.00499785
0.00000147	-0.00000028	0.00174714	-0.00509026
0.00000213	-0.00000039	0.00182586	-0.00497590
0.00000224	-0.00000039	0.00181457	-0.00498550
0.00000323	-0.00000053	0.00176985	-0.00494754
0.00000132	-0.00000020	0.00178856	-0.00500428
0.00000338	-0.00000049	0.00180383	-0.00488685
0.00000235	-0.00000032	0.00178182	-0.00488904
0.00000365	-0.00000046	0.00175169	-0.00482374
0.00000089	-0.00000010	0.00185048	-0.00481468
0.00000295	-0.00000032	0.00184184	-0.00483899
0.00000114	-0.00000011	0.00180913	-0.00474334
0.00000249	-0.00000022	0.00181575	-0.00481659
0.00000360	-0.00000029	0.00181990	-0.00475710
0.00000351	-0.00000025	0.00180093	-0.00471387
0.00000255	-0.00000016	0.00178035	-0.00478015
0.00000179	-0.00000010	0.00184509	-0.00470283
0.00000341	-0.00000015	0.00179610	-0.00472394
0.00000405	-0.00000015	0.00177626	-0.00471476
0.00000171	-0.00000005	0.00179814	-0.00473167
0.00000401	-0.00000007	0.00181882	-0.00467907
0.00000399	-0.00000004	0.00189055	-0.00470310
0.00000400	-0.00000000	0.00181311	-0.00461311
0.00000194	0.00000002	0.00183933	-0.00468100
0.00000129	0.00000002	0.00185211	-0.00465718
0.00000180	0.00000005	0.00181554	-0.00463139
0.00000457	0.00000016	0.00188252	-0.00460114
0.00000059	0.00000003	0.00181533	-0.00468598
0.00000296	0.00000016	0.00180855	-0.00467134
0.00000339	0.00000021	0.00176585	-0.00465484
0.00000165	0.00000012	0.00186546	-0.00460183
0.00000262	0.00000021	0.00178638	-0.00458066
0.00000194	0.00000017	0.00181715	-0.00456602
0.00000086	0.00000008	0.00171428	-0.00451817
0.00000177	0.00000019	0.00180625	-0.00454066
0.00000347	0.00000040	0.00183719	-0.00454738
0.00000167	0.00000021	0.00170544	-0.00460312
0.00000286	0.00000039	0.00175260	-0.00445627
0.00000386	0.00000056	0.00170241	-0.00440570
0.00000132	0.00000020	0.00174387	-0.00441214
0.00000135	0.00000022	0.00171870	-0.00438729
0.00000492	0.00000084	0.00168471	-0.00446010
0.00000362	0.00000065	0.00176407	-0.00439010
0.00000397	0.00000075	0.00171185	-0.00441077
0.00000353	0.00000070	0.00173138	-0.00442372
0.00000301	0.00000063	0.00167887	-0.00442085
0.00000420	0.00000091	0.00174640	-0.00435126
0.00000330	0.00000075	0.00168840	-0.00430359
0.00000432	0.00000102	0.00167721	-0.00430638
0.00000335	0.00000082	0.00175866	-0.00429447
0.00000331	0.00000085	0.00168263	-0.00426025
0.00000314	0.00000083	0.00170858	-0.00427156
0.00000137	0.00000038	0.00173099	-0.00418290
0.00000416	0.00000118	0.00168642	-0.00424815
0.00000390	0.00000115	0.00162740	-0.00427369
0.00000235	0.00000071	0.00173434	-0.00417466
0.00000473	0.00000148	0.00172950	-0.00424387
0.00000533	0.00000172	0.00174001	-0.00420884
0.00000270	0.00000090	0.00170461	-0.00420330
0.00000229	0.00000079	0.00170604	-0.00418138
0.00000347	0.00000123	0.00167923	-0.00412240
0.00000350	0.00000127	0.00161317	-0.00411740
0.00000363	0.00000136	0.00167585	-0.00410442
0.00000121	0.00000046	0.00168458	-0.00413715
0.00000595	0.00000235	0.00168583	-0.00402314
0.00000383	0.00000155	0.00170284	-0.00403043
0.00000216	0.00000090	0.00165801	-0.00405457
0.00000342	0.00000146	0.00165754	-0.00412460
0.00000468	0.00000204	0.00167102	-0.00410942
0.00000399	0.00000178	0.00163591	-0.00401059
0.00000364	0.00000167	0.00165896	-0.00398920
0.00000414	0.00000194	0.00157688	-0.00397087
0.00000289	0.00000139	0.00165731	-0.00403637
0.00000220	0.00000108	0.00169295	-0.00399705
0.00000425	0.00000213	0.00171238	-0.00397775
0.00000201	0.00000103	0.00161820	-0.00391779
0.00000207	0.00000108	0.00163773	-0.00389818
0.00000358	0.00000192	0.00163639	-0.00400562
0.00000439	0.00000240	0.00164246	-0.00395775
0.00000194	0.00000109	0.00165409	-0.00386933
0.00000169	0.00000096	0.00170261	-0.00391613
0.00000413	0.00000241	0.00169899	-0.00386582
0.00000299	0.00000178	0.00165789	-0.00385668
0.00000268	0.00000163	0.00165835	-0.00384071
0.00000363	0.00000225	0.00166014	-0.00385072
0.00000188	0.00000119	0.00163525	-0.00384132
0.00000560	0.00000361	0.00164163	-0.00385698
0.00000424	0.00000279	0.00163680	-0.00382970
0.00000391	0.00000262	0.00165521	-0.00380733
0.00000357	0.00000244	0.00158303	-0.00372941
0.00000282	0.00000197	0.00169952	-0.00375625
0.00000246	0.00000175	0.00160150	-0.00372625
0.00000348	0.00000252	0.00164934	-0.00376291
0.00000209	0.00000154	0.00163574	-0.00378314
0.00000405	0.00000304	0.00160491	-0.00383441
0.00000147	0.00000113	0.00160487	-0.00376525
0.00000322	0.00000251	0.00160786	-0.00377871
0.00000309	0.00000245	0.00158168	-0.00379109
0.00000406	0.00000329	0.00164906	-0.00371058
0.00000245	0.00000202	0.00164315	-0.00369049
0.00000344	0.00000288	0.00162765	-0.00367475
0.00000269	0.00000230	0.00162767	-0.00363197
0.00000324	0.00000282	0.00157092	-0.00370134
0.00000358	0.00000317	0.00160750	-0.00361412
0.00000324	0.00000292	0.00160837	-0.00367754
0.00000321	0.00000295	0.00159690	-0.00368388
0.00000284	0.00000266	0.00159514	-0.00367536
0.00000224	0.00000213	0.00158870	-0.00360259
0.00000376	0.00000364	0.00158776	-0.00354035
0.00000380	0.00000375	0.00153273	-0.00352051
0.00000277	0.00000278	0.00156171	-0.00356762
0.00000401	0.00000410	0.00156455	-0.00362047
0.00000298	0.00000310	0.00161379	-0.00358144
0.00000319	0.00000338	0.00151457	-0.00355740
0.00000381	0.00000411	0.00151616	-0.00355588
0.00000247	0.00000271	0.00161706	-0.00352940
0.00000176	0.00000197	0.00161538	-0.00349227
0.00000234	0.00000266	0.00155857	-0.00349980
0.00000261	0.00000303	0.00155270	-0.00348663
0.00000163	0.00000192	0.00160929	-0.00346998
0.00000317	0.00000381	0.00156606	-0.00344669
0.00000354	0.00000433	0.00154799	-0.00359142
0.00000302	0.00000377	0.00157549	-0.00347412
0.00000273	0.00000347	0.00161004	-0.00344437
0.00000272	0.00000352	0.00155451	-0.00340961
0.00000271	0.00000357	0.00156148	-0.00346595
0.00000285	0.00000382	0.00158576	-0.00339259
0.00000374	0.00000511	0.00153161	-0.00347582
0.00000074	0.00000103	0.00157147	-0.00333822
0.00000347	0.00000492	0.00153767	-0.00334103
0.00000269	0.00000390	0.00151752	-0.00342542
0.00000293	0.00000432	0.00156254	-0.00334342
0.00000249	0.00000374	0.00160630	-0.00336448
0.00000235	0.00000361	0.00151293	-0.00339177
0.00000240	0.00000375	0.00157461	-0.00334566
0.00000256	0.00000409	0.00154929	-0.00330801
0.00000151	0.00000246	0.00159944	-0.00338933
0.00000218	0.00000363	0.00155741	-0.00327687
0.00000219	0.00000371	0.00157303	-0.00331772
0.00000234	0.00000405	0.00160373	-0.00331029
0.00000114	0.00000201	0.00151368	-0.00332959
0.00000203	0.00000366	0.00160361	-0.00324172
0.00000235	0.00000433	0.00152274	-0.00335372
0.00000277	0.00000523	0.00158147	-0.00316484
0.00000193	0.00000371	0.00148212	-0.00322695
0.00000224	0.00000440	0.00158102	-0.00321370
0.00000143	0.00000287	0.00156892	-0.00325694
0.00000285	0.00000586	0.00153403	-0.00319381
0.00000199	0.00000420	0.00159073	-0.00316748
0.00000306	0.00000659	0.00151955	-0.00323726
0.00000232	0.00000511	0.00154401	-0.00322501
0.00000207	0.00000467	0.00150484	-0.00313530
0.00000120	0.00000278	0.00151709	-0.00324236
0.00000215	0.00000511	0.00154932	-0.00316233
0.00000109	0.00000265	0.00148072	-0.00316858
0.00000215	0.00000537	0.00150276	-0.00317235
0.00000231	0.00000592	0.00154674	-0.00313441
0.00000228	0.00000602	0.00154336	-0.00313766
0.00000177	0.00000480	0.00160901	-0.00303043
0.00000170	0.00000474	0.00153179	-0.00317037
0.00000221	0.00000632	0.00154557	-0.00313284
0.00000195	0.00000575	0.00148868	-0.00308433
0.00000168	0.00000510	0.00148850	-0.00308488
0.00000103	0.00000322	0.00159583	-0.00308033
0.00000213	0.00000689	0.00154760	-0.00306281
0.00000145	0.00000484	0.00149965	-0.00298250
0.00000121	0.00000418	0.00147564	-0.00307703
0.00000154	0.00000549	0.00150365	-0.00298969
0.00000063	0.00000234	0.00148906	-0.00301722
0.00000159	0.00000609	0.00155067	-0.00298750
0.00000087	0.00000344	0.00150748	-0.00303275
0.00000079	0.00000324	0.00146163	-0.00299132
0.00000122	0.00000525	0.00151989	-0.00305903
0.00000147	0.00000660	0.00146750	-0.00297851
0.00000095	0.00000446	0.00152468	-0.00296896
0.00000106	0.00000517	0.00154101	-0.00300821
0.00000065	0.00000334	0.00150820	-0.00306264
0.00000109	0.00000584	0.00145230	-0.00291729
0.00000041	0.00000229	0.00144798	-0.00295748
0.00000094	0.00000561	0.00146936	-0.00301692
0.00000086	0.00000545	0.00149236	-0.00295511
0.00000097	0.00000651	0.00141849	-0.00291715
0.00000073	0.00000521	0.00148669	-0.00287226
0.00000096	0.00000731	0.00145817	-0.00293615
0.00000033	0.00000271	0.00145789	-0.00291200
0.00000044	0.00000392	0.00150635	-0.00285310
0.00000029	0.00000283	0.00155389	-0.00292781
0.00000048	0.00000510	0.00141503	-0.00290315
0.00000026	0.00000300	0.00148995	-0.00288865
0.00000028	0.00000372	0.00149812	-0.00289615
0.00000019	0.00000288	0.00144516	-0.00284202
0.00000032	0.00000543	0.00143114	-0.00282466
0.00000024	0.00000475	0.00144891	-0.00284818
0.00000013	0.00000328	0.00142457	-0.00281229
0.00000013	0.00000405	0.00142786	-0.00282025
0.00000011	0.00000465	0.00140985	-0.00283852
0.00000007	0.00000480	0.00148908	-0.00281154
0.00000003	0.00000642	0.00141122	-0.00281735
-0.00000002	0.00000440	0.00141873	-0.00282016
-0.00000006	0.00000473	0.00139818	-0.00276479
-0.00000013	0.00000582	0.00148444	-0.00275732
-0.00000024	0.00000781	0.00146386	-0.00274621
-0.00000017	0.00000430	0.00143424	-0.00269018
-0.00000037	0.00000753	0.00149224	-0.00278103
-0.00000017	0.00000293	0.00147545	-0.00273136
-0.00000038	0.00000566	0.00145465	-0.00277829
-0.00000030	0.00000395	0.00139885	-0.00277996
-0.00000060	0.00000710	0.00140406	-0.00267905
-0.00000040	0.00000430	0.00143783	-0.00271065
-0.00000057	0.00000554	0.00144593	-0.00277965
-0.00000042	0.00000378	0.00139135	-0.00270485
-0.00000077	0.00000636	0.00144979	-0.00262984
-0.00000053	0.00000405	0.00143650	-0.00266676
-0.00000067	0.00000480	0.00142868	-0.00266717
-0.00000038	0.00000259	0.00143902	-0.00264529
-0.00000093	0.00000588	0.00137227	-0.00268331
-0.00000075	0.00000450	0.00139119	-0.00269732
-0.00000105	0.00000597	0.00142381	-0.00260950
-0.00000083	0.00000450	0.00144464	-0.00257529
-0.00000092	0.00000471	0.00140334	-0.00260937
-0.00000055	0.00000270	0.00148581	-0.00257460
-0.00000113	0.00000530	0.00142768	-0.00257072
-0.00000081	0.00000365	0.00139478	-0.00266408
-0.00000143	0.00000617	0.00140579	-0.00262799
-0.00000106	0.00000440	0.00142428	-0.00259340
-0.00000128	0.00000509	0.00140592	-0.00266298
-0.00000126	0.00000485	0.00142729	-0.00261947
-0.00000103	0.00000381	0.00138658	-0.00255145
-0.00000105	0.00000377	0.00139501	-0.00254694
-0.00000165	0.00000570	0.00141399	-0.00259917
-0.00000133	0.00000444	0.00140527	-0.00255394
-0.00000226	0.00000733	0.00142341	-0.00254356
-0.00000107	0.00000334	0.00143410	-0.00246472
-0.00000179	0.00000546	0.00134156	-0.00253394
-0.00000082	0.00000243	0.00140042	-0.00251957
-0.00000209	0.00000600	0.00138775	-0.00253095
-0.00000169	0.00000472	0.00141880	-0.00254703
-0.00000186	0.00000504	0.00140978	-0.00254680
-0.00000107	0.00000283	0.00137700	-0.00244456
-0.00000153	0.00000393	0.00140448	-0.00252115
-0.00000125	0.00000312	0.00144718	-0.00245312
-0.00000292	0.00000713	0.00137448	-0.00252146
-0.00000127	0.00000303	0.00139100	-0.00251651
-0.00000201	0.00000466	0.00135245	-0.00248504
-0.00000180	0.00000408	0.00146461	-0.00248496
-0.00000310	0.00000685	0.00137371	-0.00242676
-0.00000198	0.00000428	0.00141073	-0.00251530
-0.00000227	0.00000479	0.00131300	-0.00242352
-0.00000048	0.00000098	0.00139958	-0.00235381
-0.00000291	0.00000586	0.00144144	-0.00242243
-0.00000143	0.00000281	0.00134618	-0.00244512
-0.00000369	0.00000710	0.00150544	-0.00241266
-0.00000089	0.00000168	0.00138318	-0.00250154
-0.00000328	0.00000605	0.00128089	-0.00241579
-0.00000141	0.00000255	0.00135890	-0.00235168
-0.00000226	0.00000399	0.00138616	-0.00239916
-0.00000083	0.00000144	0.00140270	-0.00236813
-0.00000362	0.00000614	0.00141543	-0.00240447
-0.00000128	0.00000213	0.00137705	-0.00236124
-0.00000381	0.00000621	0.00131038	-0.00230804
-0.00000088	0.00000141	0.00133835	-0.00236802
-0.00000252	0.00000395	0.00137499	-0.00233348
-0.00000089	0.00000137	0.00132469	-0.00229828
-0.00000191	0.00000288	0.00133397	-0.00232467
-0.00000228	0.00000338	0.00133754	-0.00237956
-0.00000285	0.00000413	0.00139148	-0.00228242
-0.00000087	0.00000124	0.00132878	-0.00232344
-0.00000467	0.00000652	0.00138369	-0.00236614
-0.00000067	0.00000091	0.00131173	-0.00232025
-0.00000249	0.00000335	0.00135604	-0.00222495
-0.00000198	0.00000261	0.00135334	-0.00230242
-0.00000282	0.00000365	0.00135861	-0.00231308
-0.00000060	0.00000076	0.00131340	-0.00227439
-0.00000385	0.00000480	0.00136679	-0.00223152
-0.00000148	0.00000181	0.00131338	-0.00234194
-0.00000461	0.00000554	0.00134181	-0.00227816
-0.00000125	0.00000148	0.00133322	-0.00229261
-0.00000224	0.00000259	0.00137514	-0.00218535
-0.00000258	0.00000294	0.00136678	-0.00230285
-0.00000354	0.00000396	0.00131856	-0.00218343
-0.00000079	0.00000087	0.00132969	-0.00225951
-0.00000296	0.00000319	0.00131335	-0.00227684
-0.00000095	0.00000100	0.00136967	-0.00218466
-0.00000511	0.00000532	0.00130183	-0.00223509
-0.00000270	0.00000276	0.00134799	-0.00221630
-0.00000381	0.00000383	0.00130252	-0.00215749
-0.00000314	0.00000310	0.00132738	-0.00221043
-0.00000474	0.00000459	0.00127540	-0.00218055
-0.00000413	0.00000393	0.00133512	-0.00218565
-0.00000537	0.00000503	0.00137500	-0.00214699
-0.00000247	0.00000227	0.00133008	-0.00226531
-0.00000329	0.00000297	0.00132573	-0.00213193
-0.00000209	0.00000185	0.00132836	-0.00209058
-0.00000366	0.00000319	0.00129204	-0.00214627
-0.00000294	0.00000251	0.00131061	-0.00210790
-0.00000395	0.00000331	0.00129057	-0.00221465
-0.00000084	0.00000069	0.00127663	-0.00217874
-0.00000493	0.00000399	0.00127531	-0.00210691
-0.00000259	0.00000206	0.00139030	-0.00212255
-0.00000562	0.00000438	0.00127499	-0.00216877
-0.00000110	0.00000084	0.00129209	-0.00215663
-0.00000500	0.00000376	0.00128541	-0.00211459
-0.00000164	0.00000121	0.00131630	-0.00215240
-0.00000575	0.00000416	0.00126536	-0.00209626
-0.00000185	0.00000132	0.00126529	-0.00212466
-0.00000539	0.00000376	0.00130375	-0.00206856
-0.00000185	0.00000127	0.00132378	-0.00214620
-0.00000454	0.00000305	0.00130812	-0.00203587
-0.00000126	0.00000083	0.00125921	-0.00209885
-0.00000455	0.00000294	0.00125123	-0.00206521
-0.00000350	0.00000221	0.00130423	-0.00206817
-0.00000500	0.00000310	0.00125414	-0.00202909
-0.00000275	0.00000167	0.00127312	-0.00209110
-0.00000459	0.00000273	0.00128550	-0.00206581
-0.00000253	0.00000148	0.00129151	-0.00203975
-0.00000437	0.00000250	0.00125855	-0.00199253
-0.00000275	0.00000154	0.00127593	-0.00211759
-0.00000587	0.00000322	0.00127055	-0.00206154
-0.00000331	0.00000178	0.00127376	-0.00201882
-0.00000376	0.00000198	0.00122572	-0.00203349
-0.00000166	0.00000085	0.00129936	-0.00201657
-0.00000294	0.00000148	0.00122119	-0.00201127
-0.00000393	0.00000193	0.00126071	-0.00197042
-0.00000689	0.00000331	0.00123522	-0.00202851
-0.00000317	0.00000149	0.00133727	-0.00195402
-0.00000556	0.00000255	0.00124787	-0.00205060
-0.00000300	0.00000134	0.00122137	-0.00202093
-0.00000614	0.00000269	0.00129669	-0.00202398
-0.00000206	0.00000088	0.00119792	-0.00198000
-0.00000497	0.00000207	0.00124545	-0.00196949
-0.00000150	0.00000061	0.00127229	-0.00197679
-0.00000433	0.00000171	0.00119827	-0.00194557
-0.00000205	0.00000079	0.00123606	-0.00193476
-0.00000455	0.00000170	0.00121338	-0.00189559
-0.00000227	0.00000083	0.00123269	-0.00195128
-0.00000504	0.00000179	0.00124650	-0.00193132
-0.00000206	0.00000071	0.00124472	-0.00208345
-0.00000548	0.00000183	0.00118918	-0.00189884
-0.00000217	0.00000070	0.00116451	-0.00199454
-0.00000198	0.00000062	0.00122356	-0.00193915
-0.00000184	0.00000056	0.00123451	-0.00189149
-0.00000490	0.00000145	0.00114730	-0.00188351
-0.00000278	0.00000079	0.00122754	-0.00186540
-0.00000379	0.00000104	0.00125101	-0.00192227
-0.00000177	0.00000047	0.00123480	-0.00186598
-0.00000561	0.00000144	0.00121030	-0.00185240
-0.00000195	0.00000048	0.00120367	-0.00188780
-0.00000495	0.00000117	0.00120108	-0.00190772
-0.00000194	0.00000044	0.00122143	-0.00184930
-0.00000238	0.00000052	0.00127586	-0.00187967
-0.00000229	0.00000048	0.00112959	-0.00186484
-0.00000442	0.00000088	0.00125903	-0.00181666
-0.00000492	0.00000094	0.00114731	-0.00186902
-0.00000437	0.00000079	0.00119694	-0.00183584
-0.00000166	0.00000029	0.00123750	-0.00186883
-0.00000609	0.00000099	0.00124849	-0.00188148
-0.00000109	0.00000017	0.00123271	-0.00184527
-0.00000541	0.00000078	0.00122963	-0.00187929
-0.00000480	0.00000065	0.00122778	-0.00184135
-0.00000433	0.00000055	0.00121782	-0.00179106
-0.00000267	0.00000031	0.00115970	-0.00179109
-0.00000470	0.00000051	0.00114204	-0.00186743
-0.00000354	0.00000035	0.00113853	-0.00184485
-0.00000372	0.00000034	0.00111517	-0.00177328
-0.00000370	0.00000030	0.00114461	-0.00171556
-0.00000582	0.00000042	0.00118935	-0.00173154
-0.00000105	0.00000007	0.00119772	-0.00179718
-0.00000433	0.00000023	0.00116593	-0.00182090
-0.00000150	0.00000007	0.00117612	-0.00177548
-0.00000616	0.00000022	0.00120755	-0.00185492
-0.00000132	0.00000004	0.00117029	-0.00184007
-0.00000461	0.00000008	0.00114335	-0.00175998
-0.00000285	0.00000003	0.00110468	-0.00182507
-0.00000600	0.00000000	0.00116511	-0.00168833
-0.00000290	-0.00000002	0.00113278	-0.00180681
-0.00000433	-0.00000008	0.00114511	-0.00179460
-0.00000188	-0.00000005	0.00110873	-0.00167060
-0.00000429	-0.00000015	0.00112443	-0.00175052
-0.00000305	-0.00000014	0.00119525	-0.00176308
-0.00000436	-0.00000023	0.00120654	-0.00168768
-0.00000382	-0.00000024	0.00120582	-0.00172358
-0.00000528	-0.00000038	0.00121642	-0.00168318
-0.00000369	-0.00000030	0.00111448	-0.00173847
-0.00000526	-0.00000047	0.00113839	-0.00178931
-0.00000247	-0.00000024	0.00114927	-0.00170609
-0.00000253	-0.00000027	0.00115155	-0.00168641
-0.00000183	-0.00000021	0.00109706	-0.00173230
-0.00000589	-0.00000074	0.00112799	-0.00171900
-0.00000235	-0.00000032	0.00111996	-0.00166533
-0.00000553	-0.00000080	0.00114959	-0.00166653
-0.00000360	-0.00000055	0.00112575	-0.00172484
-0.00000379	-0.00000061	0.00114075	-0.00164112
-0.00000273	-0.00000047	0.00109835	-0.00165544
-0.00000656	-0.00000118	0.00105057	-0.00173242
-0.00000360	-0.00000068	0.00108705	-0.00167283
-0.00000511	-0.00000102	0.00111479	-0.00169258
-0.00000317	-0.00000066	0.00107009	-0.00162446
-0.00000435	-0.00000095	0.00111456	-0.00164057
-0.00000433	-0.00000098	0.00110932	-0.00165722
-0.00000659	-0.00000156	0.00115311	-0.00167430
-0.00000318	-0.00000078	0.00114665	-0.00176755
-0.00000533	-0.00000136	0.00110340	-0.00164835
-0.00000187	-0.00000049	0.00109746	-0.00155402
-0.00000492	-0.00000135	0.00113081	-0.00168967
-0.00000210	-0.00000060	0.00111741	-0.00167707
-0.00000428	-0.00000126	0.00112259	-0.00155574
-0.00000243	-0.00000074	0.00112395	-0.00165866
-0.00000417	-0.00000131	0.00106024	-0.00163363
-0.00000190	-0.00000061	0.00105778	-0.00164436
-0.00000640	-0.00000213	0.00108463	-0.00161034
-0.00000199	-0.00000068	0.00105592	-0.00156579
-0.00000346	-0.00000122	0.00110440	-0.00153949
-0.00000318	-0.00000115	0.00111020	-0.00152254
-0.00000364	-0.00000136	0.00102384	-0.00152044
-0.00000105	-0.00000040	0.00099899	-0.00155653
-0.00000470	-0.00000185	0.00105812	-0.00157279
-0.00000276	-0.00000112	0.00112399	-0.00154229
-0.00000631	-0.00000262	0.00104170	-0.00156376
-0.00000307	-0.00000131	0.00106642	-0.00154456
-0.00000328	-0.00000143	0.00100233	-0.00159793
-0.00000153	-0.00000068	0.00108626	-0.00152394
-0.00000499	-0.00000228	0.00103024	-0.00152318
-0.00000309	-0.00000145	0.00111330	-0.00148986
-0.00000396	-0.00000190	0.00099308	-0.00155504
-0.00000114	-0.00000056	0.00103585	-0.00152547
-0.00000522	-0.00000262	0.00101701	-0.00156537
-0.00000362	-0.00000186	0.00105466	-0.00148754
-0.00000559	-0.00000293	0.00102211	-0.00153429
-0.00000198	-0.00000106	0.00106641	-0.00150641
-0.00000353	-0.00000193	0.00096576	-0.00148296
-0.00000399	-0.00000223	0.00104780	-0.00151721
-0.00000471	-0.00000269	0.00106155	-0.00150313
-0.00000242	-0.00000141	0.00104084	-0.00147061
-0.00000357	-0.00000212	0.00102874	-0.00147400
-0.00000202	-0.00000123	0.00099917	-0.00150970
-0.00000396	-0.00000246	0.00102262	-0.00149244
-0.00000154	-0.00000097	0.00101012	-0.00151271
-0.00000245	-0.00000158	0.00097686	-0.00142393
-0.00000189	-0.00000124	0.00098476	-0.00140657
-0.00000250	-0.00000167	0.00102980	-0.00151297
-0.00000266	-0.00000181	0.00093015	-0.00152488
-0.00000326	-0.00000227	0.00099353	-0.00147862
-0.00000158	-0.00000112	0.00105459	-0.00140405
-0.00000233	-0.00000169	0.00097659	-0.00148472
-0.00000300	-0.00000221	0.00102136	-0.00143101
-0.00000313	-0.00000235	0.00106090	-0.00145927
-0.00000138	-0.00000106	0.00097910	-0.00147426
-0.00000247	-0.00000193	0.00100517	-0.00141034
-0.00000326	-0.00000259	0.00098145	-0.00149477
-0.00000271	-0.00000219	0.00093942	-0.00146366
-0.00000212	-0.00000174	0.00103771	-0.00141694
-0.00000271	-0.00000227	0.00097112	-0.00145063
-0.00000339	-0.00000289	0.00095375	-0.00140808
-0.00000306	-0.00000266	0.00092078	-0.00147609
-0.00000176	-0.00000156	0.00101464	-0.00143973
-0.00000178	-0.00000160	0.00100920	-0.00138639
-0.00000160	-0.00000147	0.00098868	-0.00138333
-0.00000323	-0.00000302	0.00096390	-0.00144587
-0.00000194	-0.00000185	0.00104071	-0.00140955
-0.00000327	-0.00000316	0.00095590	-0.00141346
-0.00000089	-0.00000087	0.00098233	-0.00143569
-0.00000229	-0.00000230	0.00103659	-0.00143741
-0.00000363	-0.00000370	0.00097105	-0.00136844
-0.00000307	-0.00000319	0.00092116	-0.00138735
-0.00000155	-0.00000164	0.00094085	-0.00138078
-0.00000392	-0.00000423	0.00092456	-0.00135667
-0.00000224	-0.00000245	0.00094157	-0.00137199
-0.00000210	-0.00000235	0.00095144	-0.00139514
-0.00000217	-0.00000247	0.00093747	-0.00140114
-0.00000174	-0.00000201	0.00089665	-0.00136153
-0.00000141	-0.00000166	0.00090991	-0.00128893
-0.00000210	-0.00000253	0.00090951	-0.00130292
-0.00000117	-0.00000144	0.00092131	-0.00135781
-0.00000260	-0.00000324	0.00093755	-0.00140811
-0.00000159	-0.00000202	0.00085656	-0.00137448
-0.00000229	-0.00000297	0.00094100	-0.00133172
-0.00000219	-0.00000289	0.00083770	-0.00131282
-0.00000294	-0.00000395	0.00090056	-0.00138199
-0.00000200	-0.00000274	0.00086439	-0.00132630
-0.00000289	-0.00000403	0.00087984	-0.00133354
-0.00000075	-0.00000106	0.00093483	-0.00129382
-0.00000232	-0.00000336	0.00085540	-0.00128455
-0.00000069	-0.00000102	0.00091363	-0.00126958
-0.00000150	-0.00000225	0.00095846	-0.00123749
-0.00000159	-0.00000244	0.00079714	-0.00130012
-0.00000302	-0.00000472	0.00090002	-0.00130266
-0.00000228	-0.00000363	0.00088345	-0.00126918
-0.00000285	-0.00000464	0.00086994	-0.00126801
-0.00000146	-0.00000242	0.00089251	-0.00128135
-0.00000114	-0.00000193	0.00082352	-0.00126663
-0.00000059	-0.00000102	0.00086104	-0.00127395
-0.00000134	-0.00000237	0.00083714	-0.00126338
-0.00000214	-0.00000386	0.00082588	-0.00131384
-0.00000107	-0.00000197	0.00085748	-0.00124950
-0.00000146	-0.00000276	0.00085411	-0.00129333
-0.00000065	-0.00000125	0.00089308	-0.00125377
-0.00000141	-0.00000277	0.00087531	-0.00133896
-0.00000112	-0.00000226	0.00080393	-0.00126455
-0.00000235	-0.00000483	0.00080182	-0.00124239
-0.00000120	-0.00000253	0.00082590	-0.00128684
-0.00000207	-0.00000445	0.00080246	-0.00126985
-0.00000109	-0.00000240	0.00081851	-0.00123073
-0.00000266	-0.00000601	0.00077823	-0.00126229
-0.00000128	-0.00000297	0.00078151	-0.00121622
-0.00000275	-0.00000652	0.00086875	-0.00120696
-0.00000074	-0.00000180	0.00075128	-0.00129539
-0.00000109	-0.00000271	0.00081383	-0.00125243
-0.00000110	-0.00000282	0.00083002	-0.00121526
-0.00000177	-0.00000467	0.00086680	-0.00118955
-0.00000017	-0.00000045	0.00083150	-0.00122885
-0.00000137	-0.00000380	0.00082178	-0.00126835
-0.00000048	-0.00000136	0.00079484	-0.00120868
-0.00000165	-0.00000486	0.00081926	-0.00119773
-0.00000054	-0.00000165	0.00074950	-0.00119876
-0.00000145	-0.00000454	0.00084353	-0.00119314
-0.00000042	-0.00000134	0.00075858	-0.00119656
-0.00000123	-0.00000409	0.00079637	-0.00118271
-0.00000067	-0.00000231	0.00078340	-0.00117534
-0.00000144	-0.00000515	0.00069384	-0.00119387
-0.00000096	-0.00000356	0.00077793	-0.00120510
-0.00000135	-0.00000516	0.00078523	-0.00118192
-0.00000069	-0.00000274	0.00076301	-0.00119218
-0.00000197	-0.00000814	0.00077417	-0.00121848
-0.00000072	-0.00000309	0.00072810	-0.00118217
-0.00000133	-0.00000598	0.00075308	-0.00115521
-0.00000063	-0.00000293	0.00075737	-0.00126530
-0.00000134	-0.00000655	0.00073477	-0.00120586
-0.00000033	-0.00000169	0.00073054	-0.00118805
-0.00000119	-0.00000642	0.00071170	-0.00112100
-0.00000047	-0.00000268	0.00070703	-0.00115416
-0.00000097	-0.00000578	0.00070298	-0.00115116
-0.00000045	-0.00000285	0.00069353	-0.00119371
-0.00000076	-0.00000508	0.00069543	-0.00111159
-0.00000050	-0.00000360	0.00067776	-0.00119959
-0.00000097	-0.00000742	0.00071145	-0.00111493
-0.00000040	-0.00000329	0.00067998	-0.00108113
-0.00000099	-0.00000880	0.00072322	-0.00109065
-0.00000027	-0.00000260	0.00075232	-0.00112638
-0.00000077	-0.00000816	0.00073587	-0.00119737
-0.00000025	-0.00000295	0.00072397	-0.00111673
-0.00000056	-0.00000727	0.00071641	-0.00112620
-0.00000013	-0.00000190	0.00072192	-0.00112828
-0.00000041	-0.00000691	0.00066245	-0.00115454
-0.00000012	-0.00000252	0.00071600	-0.00108796
-0.00000024	-0.00000590	0.00072005	-0.00110171
-0.00000011	-0.00000348	0.00064310	-0.00113999
-0.00000016	-0.00000698	0.00060611	-0.00111699
-0.00000003	-0.00000211	0.00063868	-0.00111534
-0.00000004	-0.00000850	0.00065041	-0.00106583
0.00000001	-0.00000136	0.00066346	-0.00105229
0.00000011	-0.00000814	0.00061411	-0.00107335
0.00000003	-0.00000137	0.00059255	-0.00108979
0.00000025	-0.00000812	0.00063114	-0.00108752
0.00000009	-0.00000232	0.00055852	-0.00110132
0.00000052	-0.00001069	0.00063737	-0.00099849
0.00000006	-0.00000107	0.00065644	-0.00107495
0.00000058	-0.00000874	0.00062390	-0.00106069
0.00000007	-0.00000093	0.00066794	-0.00106413
0.00000099	-0.00001163	0.00059534	-0.00103522
0.00000011	-0.00000122	0.00060332	-0.00104333
0.00000107	-0.00001041	0.00059162	-0.00110579
0.00000016	-0.00000146	0.00064444	-0.00104349
0.00000136	-0.00001125	0.00054287	-0.00109415
0.00000052	-0.00000402	0.00054558	-0.00105787
0.00000147	-0.00001056	0.00061354	-0.00104395
0.00000020	-0.00000132	0.00054195	-0.00097304
0.00000181	-0.00001150	0.00058439	-0.00108447
0.00000036	-0.00000213	0.00050772	-0.00102106
0.00000181	-0.00001028	0.00060958	-0.00107981
0.00000021	-0.00000114	0.00047659	-0.00102686
0.00000205	-0.00001055	0.00057007	-0.00103744
0.00000073	-0.00000357	0.00051131	-0.00103043
0.00000209	-0.00000982	0.00051831	-0.00105651
0.00000011	-0.00000049	0.00047263	-0.00100928
0.00000246	-0.00001059	0.00048249	-0.00092989
0.00000079	-0.00000325	0.00049995	-0.00101402
0.00000291	-0.00001159	0.00055120	-0.00094903
0.00000060	-0.00000232	0.00054580	-0.00091634
0.00000282	-0.00001044	0.00051930	-0.00094593
0.00000055	-0.00000197	0.00047140	-0.00098487
0.00000324	-0.00001121	0.00048302	-0.00091798
0.00000042	-0.00000139	0.00045311	-0.00097483
0.00000367	-0.00001189	0.00050469	-0.00099525
0.00000029	-0.00000090	0.00046807	-0.00094662
0.00000294	-0.00000896	0.00042389	-0.00088135
0.00000126	-0.00000373	0.00046273	-0.00089764
0.00000408	-0.00001171	0.00045676	-0.00097459
0.00000067	-0.00000186	0.00047354	-0.00098287
0.00000451	-0.00001224	0.00045072	-0.00094478
0.00000009	-0.00000024	0.00038054	-0.00084982
0.00000519	-0.00001335	0.00037601	-0.00100284
0.00000104	-0.00000261	0.00039557	-0.00087841
0.00000471	-0.00001149	0.00043313	-0.00094370
0.00000088	-0.00000209	0.00042422	-0.00091379
0.00000478	-0.00001109	0.00040888	-0.00097694
0.00000078	-0.00000177	0.00039424	-0.00091207
0.00000512	-0.00001132	0.00038144	-0.00093605
0.00000054	-0.00000117	0.00039932	-0.00090289
0.00000605	-0.00001277	0.00034906	-0.00093451
0.00000136	-0.00000281	0.00033680	-0.00089749
0.00000627	-0.00001264	0.00033784	-0.00087651
0.00000136	-0.00000269	0.00027995	-0.00085304
0.00000692	-0.00001334	0.00027534	-0.00092647
0.00000014	-0.00000026	0.00028035	-0.00090307
0.00000651	-0.00001202	0.00032465	-0.00093730
0.00000087	-0.00000157	0.00037387	-0.00087714
0.00000665	-0.00001178	0.00025768	-0.00091574
0.00000206	-0.00000357	0.00023316	-0.00092141
0.00000764	-0.00001297	0.00026635	-0.00089618
0.00000218	-0.00000363	0.00031023	-0.00085264
0.00000717	-0.00001169	0.00030158	-0.00088504
0.00000265	-0.00000423	0.00024667	-0.00093336
0.00000767	-0.00001202	0.00021326	-0.00086012
0.00000314	-0.00000483	0.00022205	-0.00079780
0.00000865	-0.00001303	0.00022739	-0.00082860
0.00000388	-0.00000574	0.00018205	-0.00089503
0.00000891	-0.00001292	0.00025088	-0.00087432
0.00000384	-0.00000546	0.00016720	-0.00084632
0.00001019	-0.00001422	0.00017416	-0.00083900
0.00000418	-0.00000572	0.00013707	-0.00080487
0.00001013	-0.00001362	0.00010127	-0.00083515
0.00000481	-0.00000635	0.00016839	-0.00083239
0.00001008	-0.00001306	0.00010578	-0.00084046
0.00000501	-0.00000637	0.00007523	-0.00080114
0.00001043	-0.00001302	0.00002062	-0.00080186
0.00000554	-0.00000679	0.00008351	-0.00078970
0.00001114	-0.00001340	0.00006327	-0.00083043
0.00000497	-0.00000588	0.00006236	-0.00084973
0.00001288	-0.00001496	0.00003033	-0.00090601
0.00000744	-0.00000848	-0.00003418	-0.00084822
0.00001272	-0.00001424	-0.00002999	-0.00083386
0.00000812	-0.00000893	0.00003233	-0.00084547
0.00001241	-0.00001340	0.00002323	-0.00077206
0.00000913	-0.00000968	0.00001164	-0.00078573
0.00001369	-0.00001426	-0.00006709	-0.00066991
0.00000850	-0.00000870	-0.00004115	-0.00074940
0.00001507	-0.00001514	-0.00007709	-0.00078605
0.00000951	-0.00000939	-0.00007059	-0.00076777
0.00001555	-0.00001508	-0.00014657	-0.00078735
0.00001152	-0.00001097	-0.00016429	-0.00076356
0.00001667	-0.00001560	-0.00012720	-0.00085066
0.00001434	-0.00001318	-0.00015317	-0.00078300
0.00001876	-0.00001694	-0.00014736	-0.00076097
0.00001450	-0.00001286	-0.00021081	-0.00072955
0.00002045	-0.00001781	-0.00015390	-0.00073619
0.00001786	-0.00001528	-0.00025187	-0.00074297
0.00002467	-0.00002072	-0.00029762	-0.00070649
0.00001926	-0.00001588	-0.00027796	-0.00075338
0.00002575	-0.00002085	-0.00034289	-0.00077631
0.00002278	-0.00001811	-0.00041472	-0.00069602
0.00002934	-0.00002290	-0.00048507	-0.00072831
0.00002488	-0.00001906	-0.00043166	-0.00066984
0.00003217	-0.00002420	-0.00044146	-0.00057295
0.00003218	-0.00002375	-0.00052598	-0.00063828
0.00003840	-0.00002782	-0.00053813	-0.00066118
0.00003989	-0.00002836	-0.00053951	-0.00068460
0.00004344	-0.00003030	-0.00063701	-0.00065870
0.00004701	-0.00003217	-0.00063196	-0.00068946
0.00005635	-0.00003782	-0.00072523	-0.00079642
0.00006312	-0.00004155	-0.00095556	-0.00091342
0.00007529	-0.00004860	-0.00108560	-0.00095243
0.00008537	-0.00005403	-0.00113331	-0.00097722
0.00011437	-0.00007096	-0.00119858	-0.00106150
0.00014512	-0.00008825	-0.00128207	-0.00094010
0.00021733	-0.00012951	-0.00127968	-0.00103133
0.00038928	-0.00022729	-0.00094229	-0.00129261
