jMRUI Data Textfile

Filename: /Users/Georg/Documents/MATLAB/osprey/exampledata/nifti-mrs/derivatives/jMRUIFiles/ses-01_mrs_sub-01_ses-01_SVS.nii_jMRUI_A.TXT

PointsInDataset: 2048
DatasetsInFile: 1
SamplingInterval: 1.666000E-01
ZeroOrderPhase: 0E+00
BeginTime: 0E+00
TransmitterFrequency: 2.972199E+08
MagneticField: 6.980763E+00
TypeOfNucleus: 0E+00
NameOfPatient: No Name
Spectrometer: TrioTim
AdditionalInfo: jnear


Signal and FFT
sig(real)	sig(imag)	fft(real)	fft(imag)
Signal 1 out of 1 in file
0.00003702	-0.00001367	-0.00001913	-0.00001549
0.00004581	-0.00003784	-0.00002506	-0.00000690
0.00000762	-0.00004624	-0.00003692	-0.00000677
-0.00001433	-0.00003541	-0.00000750	0.00001088
-0.00002355	-0.00001599	-0.00001246	-0.00000183
-0.00001336	-0.00000307	-0.00000003	0.00000302
-0.00000405	-0.00000043	-0.00002175	0.00001724
0.00000202	-0.00000453	-0.00000765	0.00001069
-0.00000219	-0.00000854	-0.00001159	0.00000643
-0.00000688	-0.00000955	-0.00001653	0.00001018
-0.00001256	-0.00000754	-0.00001968	0.00000547
-0.00001300	-0.00000263	-0.00000030	-0.00000042
-0.00001266	0.00000325	-0.00001311	0.00000885
-0.00000810	0.00000848	-0.00000008	0.00000856
-0.00000218	0.00000967	0.00000081	0.00000539
0.00000438	0.00000579	-0.00000019	0.00001199
0.00000499	-0.00000189	-0.00000144	0.00001255
0.00000088	-0.00000702	-0.00000358	0.00001115
-0.00000606	-0.00000550	-0.00000726	0.00001254
-0.00000943	0.00000099	-0.00000871	0.00001289
-0.00000786	0.00000816	-0.00000733	0.00001599
-0.00000083	0.00001058	0.00000526	0.00000916
0.00000418	0.00000765	-0.00000285	0.00001035
0.00000709	0.00000216	0.00001591	0.00002201
0.00000633	-0.00000255	-0.00000227	0.00001483
0.00000415	-0.00000505	-0.00000660	0.00001622
0.00000063	-0.00000508	0.00000459	-0.00000008
-0.00000196	-0.00000371	-0.00001465	-0.00000052
-0.00000366	-0.00000202	-0.00000215	0.00001468
-0.00000201	-0.00000038	-0.00000541	-0.00000356
0.00000007	-0.00000062	-0.00000165	-0.00000107
0.00000140	-0.00000278	-0.00001542	0.00001174
-0.00000201	-0.00000522	0.00000158	0.00002025
-0.00000627	-0.00000429	0.00000805	0.00001379
-0.00000990	0.00000072	-0.00000191	-0.00000794
-0.00000773	0.00000671	0.00000750	0.00001853
-0.00000095	0.00000864	-0.00000432	0.00001699
0.00000579	0.00000579	0.00000633	0.00002216
0.00000729	-0.00000027	-0.00001043	0.00000911
0.00000386	-0.00000476	0.00000032	0.00000968
-0.00000179	-0.00000545	-0.00000449	0.00002210
-0.00000532	-0.00000259	-0.00000513	0.00001603
-0.00000570	0.00000053	0.00001242	0.00000758
-0.00000356	0.00000256	0.00000278	0.00000495
-0.00000176	0.00000338	0.00000280	0.00001487
-0.00000012	0.00000389	0.00000495	0.00001032
0.00000111	0.00000314	-0.00000187	0.00000973
0.00000161	0.00000109	0.00000515	0.00001376
0.00000001	-0.00000113	-0.00000291	0.00001181
-0.00000253	-0.00000068	0.00001254	-0.00000111
-0.00000376	0.00000219	-0.00000256	0.00001122
-0.00000158	0.00000656	-0.00000060	0.00000950
0.00000261	0.00000738	-0.00000431	0.00000456
0.00000675	0.00000376	0.00000283	0.00000630
0.00000590	-0.00000196	-0.00000697	0.00000106
0.00000210	-0.00000532	0.00000685	0.00001592
-0.00000260	-0.00000365	0.00000952	0.00000250
-0.00000321	0.00000141	0.00000530	0.00001666
-0.00000035	0.00000543	0.00000344	0.00000642
0.00000437	0.00000516	-0.00000967	0.00000791
0.00000703	0.00000146	0.00000515	0.00000461
0.00000709	-0.00000369	0.00000209	0.00000425
0.00000391	-0.00000744	-0.00000125	0.00001590
-0.00000056	-0.00000844	0.00000104	0.00002133
-0.00000517	-0.00000601	0.00000239	0.00001394
-0.00000719	-0.00000177	-0.00000165	0.00000429
-0.00000732	0.00000310	-0.00000411	0.00002340
-0.00000353	0.00000645	-0.00000294	0.00001826
0.00000151	0.00000638	0.00000785	0.00000420
0.00000490	0.00000320	0.00000146	0.00000958
0.00000419	-0.00000022	-0.00000326	0.00002368
0.00000182	-0.00000156	0.00000737	0.00001308
-0.00000059	-0.00000098	-0.00000764	0.00001794
-0.00000029	0.00000086	-0.00001055	0.00002009
0.00000208	0.00000078	0.00000320	0.00001199
0.00000351	-0.00000124	0.00000602	0.00001977
0.00000270	-0.00000392	0.00000895	0.00001201
-0.00000045	-0.00000429	0.00001366	0.00002326
-0.00000350	-0.00000299	-0.00000763	0.00000748
-0.00000482	-0.00000005	0.00000346	0.00000842
-0.00000382	0.00000217	-0.00000158	0.00000773
-0.00000158	0.00000356	-0.00000199	0.00001165
0.00000083	0.00000376	0.00000711	0.00000382
0.00000331	0.00000315	-0.00000825	0.00000731
0.00000539	0.00000154	-0.00000345	0.00002338
0.00000549	-0.00000151	0.00001121	0.00000963
0.00000392	-0.00000538	-0.00000160	0.00000962
0.00000025	-0.00000661	0.00000478	0.00000798
-0.00000336	-0.00000537	0.00000750	0.00001867
-0.00000440	-0.00000224	-0.00000540	0.00001690
-0.00000331	0.00000062	0.00000557	0.00000973
-0.00000138	0.00000081	-0.00000605	0.00001148
-0.00000069	-0.00000065	0.00000044	0.00001085
-0.00000170	-0.00000165	0.00000129	0.00000763
-0.00000322	-0.00000077	0.00000645	0.00001922
-0.00000346	0.00000211	0.00001030	0.00001142
-0.00000173	0.00000409	0.00001132	0.00000838
0.00000116	0.00000418	0.00000234	0.00002299
0.00000304	0.00000233	-0.00000005	0.00000470
0.00000309	-0.00000034	0.00000777	0.00001667
0.00000161	-0.00000244	0.00000763	0.00000948
-0.00000055	-0.00000312	0.00000187	0.00000298
-0.00000284	-0.00000183	0.00001555	0.00001691
-0.00000348	0.00000041	0.00000330	0.00001637
-0.00000285	0.00000279	0.00001149	0.00001825
-0.00000119	0.00000415	0.00000974	0.00000535
0.00000150	0.00000357	0.00001188	0.00002075
0.00000306	0.00000202	0.00000264	-0.00000193
0.00000310	0.00000072	0.00000495	0.00001818
0.00000214	0.00000035	0.00000469	0.00001309
0.00000162	0.00000083	-0.00000038	0.00001644
0.00000283	0.00000078	0.00001732	0.00001032
0.00000417	-0.00000031	0.00000644	0.00000876
0.00000461	-0.00000278	0.00000539	0.00000596
0.00000296	-0.00000529	0.00000883	0.00000811
-0.00000009	-0.00000674	0.00001128	0.00001405
-0.00000380	-0.00000602	-0.00000106	0.00001962
-0.00000655	-0.00000333	0.00000371	0.00000267
-0.00000713	0.00000081	0.00000881	0.00000785
-0.00000525	0.00000414	0.00000410	0.00001504
-0.00000158	0.00000570	0.00001630	0.00000349
0.00000212	0.00000473	0.00000310	0.00001765
0.00000384	0.00000149	0.00001259	0.00001276
0.00000332	-0.00000146	0.00000412	0.00001026
0.00000012	-0.00000336	0.00000676	0.00001223
-0.00000264	-0.00000223	0.00000024	0.00000752
-0.00000385	0.00000026	0.00001249	0.00002358
-0.00000277	0.00000313	0.00001145	0.00001297
-0.00000016	0.00000393	0.00001092	0.00001727
0.00000219	0.00000274	-0.00000145	0.00000814
0.00000226	0.00000071	0.00000790	0.00000971
0.00000101	-0.00000068	0.00000319	0.00001671
-0.00000060	-0.00000026	0.00001761	0.00001044
-0.00000071	0.00000115	0.00001259	0.00002208
0.00000033	0.00000256	0.00000602	0.00001129
0.00000227	0.00000337	0.00001583	0.00001282
0.00000376	0.00000157	0.00000186	0.00000375
0.00000452	-0.00000083	0.00001273	0.00000440
0.00000393	-0.00000297	0.00000835	0.00002120
0.00000200	-0.00000439	0.00000150	0.00002474
-0.00000046	-0.00000432	0.00000140	0.00001471
-0.00000223	-0.00000314	0.00000388	0.00001788
-0.00000277	-0.00000132	0.00001774	0.00001168
-0.00000190	0.00000038	0.00000405	0.00001347
-0.00000051	0.00000086	0.00000655	0.00001463
0.00000043	-0.00000016	0.00001969	0.00000457
-0.00000009	-0.00000130	0.00000787	0.00001190
-0.00000142	-0.00000125	0.00000379	0.00000861
-0.00000240	-0.00000043	-0.00000410	0.00000860
-0.00000199	0.00000144	0.00000949	0.00002353
-0.00000097	0.00000223	0.00000807	0.00001638
0.00000066	0.00000190	0.00001567	0.00001916
0.00000142	0.00000090	0.00000484	0.00000511
0.00000081	-0.00000044	0.00000667	0.00001721
-0.00000031	-0.00000062	0.00001337	0.00001231
-0.00000153	0.00000034	0.00000279	0.00000563
-0.00000138	0.00000177	0.00001290	0.00001065
0.00000007	0.00000298	0.00000448	0.00001637
0.00000190	0.00000271	0.00001458	0.00001997
0.00000327	0.00000166	0.00000634	0.00000950
0.00000394	-0.00000039	0.00000874	0.00001962
0.00000263	-0.00000246	0.00000688	0.00001172
0.00000098	-0.00000330	0.00001415	0.00002023
-0.00000133	-0.00000265	0.00001787	0.00001464
-0.00000186	-0.00000146	0.00001260	0.00001377
-0.00000119	0.00000033	0.00001458	0.00001771
-0.00000011	0.00000063	0.00000837	0.00000643
0.00000092	0.00000021	0.00001164	0.00001571
0.00000075	-0.00000095	0.00000160	0.00001644
-0.00000026	-0.00000126	0.00001209	0.00001637
-0.00000161	-0.00000094	0.00000158	0.00001650
-0.00000194	0.00000049	0.00000832	0.00002002
-0.00000091	0.00000131	-0.00000423	0.00000942
0.00000051	0.00000187	0.00000457	0.00001090
0.00000152	0.00000088	0.00001711	0.00000922
0.00000162	-0.00000085	0.00000456	0.00001615
0.00000022	-0.00000214	0.00001291	0.00002279
-0.00000101	-0.00000207	0.00001234	0.00001591
-0.00000241	-0.00000085	0.00000278	0.00001446
-0.00000220	0.00000124	0.00000539	-0.00000490
-0.00000091	0.00000289	0.00000044	0.00001283
0.00000121	0.00000277	0.00001028	0.00001908
0.00000269	0.00000183	0.00000376	0.00000913
0.00000293	-0.00000056	-0.00000094	0.00000894
0.00000211	-0.00000238	0.00001222	0.00001704
-0.00000018	-0.00000294	-0.00000413	0.00000855
-0.00000172	-0.00000229	0.00000404	0.00001538
-0.00000280	-0.00000049	0.00001203	0.00001418
-0.00000188	0.00000131	0.00001598	0.00002450
-0.00000076	0.00000182	0.00001015	0.00002282
0.00000050	0.00000142	0.00000867	0.00001906
0.00000055	0.00000056	0.00000133	0.00001702
0.00000010	0.00000029	0.00000838	0.00001800
-0.00000019	0.00000016	0.00000141	0.00001414
-0.00000059	0.00000093	0.00000157	0.00001079
0.00000045	0.00000221	0.00001122	0.00000567
0.00000157	0.00000195	0.00001533	0.00000409
0.00000305	0.00000081	0.00000145	0.00001483
0.00000316	-0.00000077	0.00002264	0.00001609
0.00000209	-0.00000263	0.00000470	0.00002477
0.00000027	-0.00000351	0.00000116	0.00001501
-0.00000192	-0.00000313	0.00000038	0.00000876
-0.00000316	-0.00000143	0.00000300	0.00002379
-0.00000239	0.00000050	0.00001077	0.00001935
-0.00000177	0.00000151	0.00000221	0.00002569
-0.00000052	0.00000167	0.00000569	0.00002164
0.00000004	0.00000106	0.00000904	0.00001693
0.00000041	0.00000064	0.00001352	0.00002489
0.00000030	0.00000060	0.00000246	0.00001566
0.00000035	0.00000072	0.00000294	0.00001760
0.00000053	0.00000058	0.00001176	0.00000837
0.00000142	0.00000036	0.00001756	0.00000316
0.00000141	-0.00000038	0.00000636	0.00001039
0.00000057	-0.00000113	0.00001586	0.00002153
-0.00000014	-0.00000146	0.00002178	0.00001080
-0.00000121	-0.00000079	0.00001560	0.00003609
-0.00000167	0.00000015	0.00000372	0.00002496
-0.00000162	0.00000108	0.00001239	0.00001940
-0.00000031	0.00000201	0.00001272	0.00002260
0.00000085	0.00000204	-0.00000092	0.00001001
0.00000197	0.00000105	0.00001070	0.00000238
0.00000258	-0.00000055	0.00000453	0.00002350
0.00000153	-0.00000195	0.00000388	0.00002648
0.00000056	-0.00000206	-0.00000746	0.00002043
-0.00000099	-0.00000184	0.00001409	0.00002030
-0.00000128	-0.00000079	0.00000674	0.00001525
-0.00000112	-0.00000018	0.00001493	0.00001824
-0.00000040	-0.00000005	0.00001974	0.00001220
-0.00000026	-0.00000047	0.00001865	0.00002587
-0.00000064	-0.00000084	0.00000694	0.00002413
-0.00000162	-0.00000046	0.00001190	0.00001792
-0.00000200	0.00000085	0.00001097	0.00001196
-0.00000140	0.00000204	0.00001042	0.00001502
-0.00000019	0.00000273	0.00000592	0.00001833
0.00000122	0.00000213	0.00001261	0.00001736
0.00000244	0.00000116	0.00000278	0.00002571
0.00000260	-0.00000067	0.00001299	0.00002155
0.00000136	-0.00000191	0.00001472	0.00001597
-0.00000021	-0.00000234	0.00001974	0.00001812
-0.00000154	-0.00000119	0.00001035	0.00002393
-0.00000208	-0.00000017	0.00002107	0.00001603
-0.00000160	0.00000127	0.00001433	0.00002198
-0.00000014	0.00000194	-0.00000056	0.00001819
0.00000103	0.00000144	0.00001143	0.00001718
0.00000164	0.00000047	0.00001951	0.00002201
0.00000116	-0.00000045	0.00001016	0.00002011
0.00000052	-0.00000083	0.00001857	0.00002056
0.00000012	-0.00000053	0.00001840	0.00002799
0.00000036	-0.00000010	0.00000320	0.00000678
0.00000053	-0.00000034	0.00001315	0.00003014
0.00000068	-0.00000063	0.00000900	0.00002736
0.00000047	-0.00000120	0.00000631	0.00001563
-0.00000026	-0.00000214	0.00003789	0.00001706
-0.00000154	-0.00000155	0.00000803	0.00002287
-0.00000216	-0.00000095	-0.00000182	0.00002280
-0.00000220	0.00000056	0.00001565	0.00002714
-0.00000172	0.00000154	0.00001722	0.00002329
-0.00000068	0.00000206	0.00000832	0.00003824
0.00000078	0.00000176	0.00001626	0.00001928
0.00000158	0.00000067	0.00000120	0.00002349
0.00000111	-0.00000033	0.00000391	0.00001661
0.00000017	-0.00000103	-0.00000086	0.00001408
-0.00000047	-0.00000052	0.00000870	0.00002522
-0.00000082	0.00000029	0.00001455	0.00001688
-0.00000044	0.00000111	0.00001385	0.00002599
0.00000033	0.00000085	0.00000989	0.00002462
0.00000094	0.00000041	0.00000130	0.00002598
0.00000097	0.00000060	0.00000539	0.00002743
0.00000051	-0.00000018	0.00001125	0.00002737
0.00000039	-0.00000013	0.00000638	0.00001488
-0.00000007	0.00000008	0.00000332	0.00002624
0.00000011	0.00000013	0.00001613	0.00002407
0.00000066	-0.00000014	0.00000999	0.00001604
0.00000106	-0.00000023	0.00001022	0.00001496
0.00000070	-0.00000101	0.00000955	0.00001803
0.00000019	-0.00000148	0.00000976	0.00001504
-0.00000037	-0.00000121	0.00002754	0.00002628
-0.00000102	-0.00000063	0.00001078	0.00001613
-0.00000135	0.00000023	0.00000255	0.00001967
-0.00000066	0.00000069	0.00001072	0.00002231
0.00000020	0.00000044	0.00001079	0.00003052
0.00000086	-0.00000004	0.00001619	0.00002934
0.00000035	-0.00000059	0.00001379	0.00001705
-0.00000025	-0.00000082	0.00001285	0.00002847
-0.00000084	-0.00000102	0.00000503	0.00001443
-0.00000143	-0.00000022	0.00000570	0.00002274
-0.00000128	0.00000059	0.00001332	0.00001851
-0.00000060	0.00000099	0.00000921	0.00003532
0.00000000	0.00000073	0.00000648	0.00001588
0.00000025	0.00000039	0.00001075	0.00002100
0.00000053	-0.00000039	0.00000871	0.00002425
-0.00000016	-0.00000026	0.00000433	0.00001394
-0.00000052	-0.00000012	0.00001675	0.00001899
-0.00000066	0.00000062	0.00000000	0.00001207
-0.00000006	0.00000102	0.00000138	0.00003155
0.00000097	0.00000106	0.00002138	0.00002245
0.00000138	0.00000046	0.00001079	0.00002262
0.00000136	-0.00000039	0.00002236	0.00001269
0.00000068	-0.00000121	0.00000913	0.00003490
-0.00000034	-0.00000126	0.00001522	0.00002875
-0.00000127	-0.00000079	0.00001515	0.00002389
-0.00000116	0.00000008	-0.00000178	0.00001631
-0.00000055	0.00000070	0.00000873	0.00002554
-0.00000022	0.00000087	0.00000873	0.00002260
0.00000023	0.00000060	0.00000819	0.00002940
0.00000067	-0.00000000	0.00002410	0.00001768
0.00000023	-0.00000024	0.00000636	0.00003214
0.00000040	-0.00000018	0.00001565	0.00003068
0.00000002	-0.00000051	0.00001008	0.00002063
0.00000036	-0.00000047	0.00001964	0.00002910
0.00000048	-0.00000038	0.00000587	0.00001925
0.00000032	-0.00000080	0.00001391	0.00002485
-0.00000016	-0.00000113	0.00002032	0.00002699
-0.00000104	-0.00000136	0.00000845	0.00002024
-0.00000185	-0.00000070	0.00001183	0.00003506
-0.00000189	0.00000017	0.00001452	0.00003182
-0.00000174	0.00000111	-0.00000165	0.00002729
-0.00000100	0.00000193	0.00001168	0.00002900
0.00000021	0.00000196	0.00000384	0.00003439
0.00000146	0.00000138	0.00001169	0.00002077
0.00000164	0.00000018	0.00001164	0.00002070
0.00000116	-0.00000064	0.00001292	0.00002748
0.00000029	-0.00000088	0.00001001	0.00003037
-0.00000018	-0.00000083	0.00002159	0.00002561
-0.00000061	-0.00000041	0.00000853	0.00003422
-0.00000058	0.00000017	0.00000530	0.00003298
-0.00000019	0.00000016	0.00001699	0.00003785
-0.00000026	-0.00000002	0.00001576	0.00002498
-0.00000028	0.00000009	0.00000717	0.00003792
-0.00000032	0.00000008	0.00001544	0.00002487
-0.00000047	0.00000065	0.00001137	0.00003158
0.00000001	0.00000075	0.00003318	0.00003300
0.00000037	0.00000071	0.00001600	0.00003105
0.00000073	0.00000068	0.00000993	0.00003126
0.00000127	-0.00000016	0.00000708	0.00001589
0.00000086	-0.00000077	0.00000847	0.00002873
-0.00000002	-0.00000121	0.00000992	0.00002739
-0.00000063	-0.00000118	0.00001725	0.00003412
-0.00000120	-0.00000054	0.00001257	0.00001934
-0.00000103	0.00000015	0.00001852	0.00002516
-0.00000052	0.00000092	0.00000642	0.00002335
0.00000005	0.00000085	0.00001371	0.00002074
0.00000062	0.00000060	0.00000956	0.00003593
0.00000077	0.00000007	0.00002588	0.00003807
0.00000018	-0.00000024	0.00001560	0.00002578
0.00000004	0.00000015	0.00001259	0.00002025
-0.00000020	0.00000021	0.00002143	0.00002689
0.00000022	0.00000052	0.00002970	0.00002774
0.00000060	0.00000031	0.00000004	0.00003805
0.00000072	-0.00000003	0.00001860	0.00003552
0.00000075	-0.00000074	0.00001373	0.00002787
0.00000005	-0.00000102	0.00000916	0.00002695
-0.00000063	-0.00000081	0.00001091	0.00003538
-0.00000102	-0.00000035	0.00001619	0.00004245
-0.00000125	0.00000063	0.00000195	0.00002706
-0.00000061	0.00000111	0.00001501	0.00002933
0.00000017	0.00000118	0.00002198	0.00002170
0.00000081	0.00000080	0.00002238	0.00003832
0.00000110	0.00000023	0.00001796	0.00002642
0.00000051	-0.00000042	0.00002215	0.00002863
-0.00000010	-0.00000043	0.00001719	0.00002763
-0.00000006	-0.00000031	0.00000806	0.00003159
-0.00000020	-0.00000021	0.00001573	0.00002990
0.00000004	-0.00000017	0.00001503	0.00002702
0.00000007	-0.00000018	0.00002201	0.00003248
-0.00000011	-0.00000014	0.00001827	0.00003256
0.00000002	-0.00000023	0.00002062	0.00002799
-0.00000031	-0.00000010	0.00001637	0.00002081
-0.00000043	0.00000010	0.00001976	0.00002348
-0.00000054	0.00000061	0.00001579	0.00002246
-0.00000012	0.00000072	0.00000936	0.00003254
0.00000037	0.00000046	0.00002526	0.00003363
0.00000080	0.00000019	0.00001212	0.00003109
0.00000072	-0.00000067	0.00001319	0.00003164
0.00000025	-0.00000091	0.00001778	0.00003290
-0.00000071	-0.00000058	0.00001333	0.00002956
-0.00000089	-0.00000023	0.00001382	0.00001813
-0.00000066	0.00000056	0.00000899	0.00002733
-0.00000046	0.00000093	0.00001170	0.00003063
0.00000032	0.00000095	0.00001394	0.00003612
0.00000087	0.00000014	0.00001500	0.00003223
0.00000101	-0.00000027	0.00001485	0.00003658
0.00000081	-0.00000079	0.00000205	0.00003987
-0.00000018	-0.00000110	0.00001309	0.00003561
-0.00000036	-0.00000063	0.00001233	0.00004383
-0.00000055	0.00000006	0.00000745	0.00003761
-0.00000006	0.00000016	0.00001143	0.00004632
0.00000013	0.00000011	0.00000372	0.00004459
0.00000004	-0.00000040	0.00001238	0.00003903
-0.00000006	-0.00000022	0.00002045	0.00003976
-0.00000038	-0.00000026	0.00000617	0.00002737
-0.00000060	-0.00000009	0.00000759	0.00002721
-0.00000070	0.00000045	0.00000494	0.00002755
-0.00000033	0.00000048	0.00003478	0.00003645
0.00000004	0.00000062	-0.00000217	0.00002914
0.00000028	0.00000015	0.00001370	0.00004265
0.00000002	-0.00000004	0.00001406	0.00003317
0.00000004	-0.00000070	0.00000854	0.00003262
-0.00000047	-0.00000056	0.00002298	0.00003948
-0.00000079	-0.00000017	0.00001462	0.00002376
-0.00000045	0.00000026	0.00000878	0.00003829
-0.00000035	0.00000044	0.00001340	0.00002898
0.00000041	0.00000062	0.00001207	0.00003462
0.00000065	0.00000059	0.00000403	0.00003321
0.00000056	-0.00000028	0.00002049	0.00003834
0.00000032	-0.00000022	0.00000893	0.00003048
-0.00000011	0.00000006	0.00002147	0.00003533
-0.00000047	0.00000039	0.00000997	0.00003673
0.00000000	0.00000025	0.00001159	0.00003699
0.00000036	0.00000025	0.00002410	0.00003267
0.00000050	-0.00000016	0.00000237	0.00003725
0.00000036	-0.00000029	0.00001824	0.00004275
-0.00000014	-0.00000058	0.00000512	0.00003480
-0.00000033	-0.00000029	0.00000288	0.00004282
-0.00000087	-0.00000006	0.00000803	0.00003323
-0.00000071	0.00000036	0.00002390	0.00003224
-0.00000036	0.00000078	0.00000662	0.00002981
0.00000024	0.00000078	0.00001505	0.00003953
0.00000052	0.00000025	0.00002088	0.00003655
0.00000084	-0.00000022	0.00002648	0.00003636
0.00000033	-0.00000082	0.00002228	0.00004204
-0.00000018	-0.00000063	0.00002395	0.00004686
-0.00000054	-0.00000059	0.00001149	0.00004388
-0.00000049	0.00000014	0.00001066	0.00003221
-0.00000017	0.00000051	0.00002156	0.00004567
0.00000000	0.00000028	0.00001890	0.00004075
0.00000005	0.00000000	0.00002303	0.00004576
-0.00000007	0.00000003	0.00001647	0.00003718
-0.00000014	0.00000011	0.00001251	0.00004462
-0.00000021	0.00000045	0.00001401	0.00004576
0.00000007	0.00000062	0.00000625	0.00004944
0.00000019	0.00000080	0.00001474	0.00002914
0.00000068	0.00000066	0.00001747	0.00003286
0.00000099	0.00000002	0.00001328	0.00003659
0.00000113	-0.00000027	0.00001446	0.00004579
0.00000051	-0.00000067	0.00001575	0.00003323
0.00000009	-0.00000118	0.00002222	0.00004513
-0.00000067	-0.00000075	0.00001500	0.00004970
-0.00000071	-0.00000013	0.00001761	0.00004971
-0.00000054	0.00000016	0.00001222	0.00006086
-0.00000049	0.00000055	0.00000479	0.00003952
0.00000016	0.00000032	0.00000968	0.00003659
0.00000032	0.00000041	0.00001727	0.00004183
0.00000027	-0.00000008	0.00000499	0.00004069
0.00000011	-0.00000000	0.00001050	0.00004741
-0.00000014	0.00000006	0.00000592	0.00005088
-0.00000018	0.00000023	0.00002583	0.00004968
0.00000010	0.00000008	0.00001616	0.00004330
0.00000029	-0.00000007	0.00001672	0.00003745
0.00000023	-0.00000004	0.00001969	0.00004960
0.00000028	-0.00000025	0.00002293	0.00005719
-0.00000038	-0.00000031	0.00002526	0.00005275
-0.00000044	-0.00000011	0.00002461	0.00004705
-0.00000047	-0.00000000	0.00001637	0.00005005
0.00000010	0.00000078	0.00002063	0.00004555
0.00000045	0.00000043	0.00001260	0.00003642
0.00000057	0.00000012	0.00001061	0.00003970
0.00000056	-0.00000019	0.00002050	0.00004252
0.00000056	-0.00000037	0.00001064	0.00005740
-0.00000018	-0.00000052	0.00002114	0.00004963
-0.00000045	-0.00000022	0.00002555	0.00004404
-0.00000055	0.00000015	0.00001714	0.00004216
-0.00000021	0.00000014	0.00001733	0.00004252
0.00000010	0.00000037	0.00001946	0.00003809
0.00000014	-0.00000024	0.00001120	0.00004423
0.00000007	-0.00000038	0.00001040	0.00004481
-0.00000008	-0.00000005	0.00001251	0.00005570
-0.00000025	0.00000013	0.00002143	0.00004661
-0.00000053	0.00000025	0.00001936	0.00004660
-0.00000039	0.00000073	0.00000733	0.00005373
0.00000001	0.00000055	0.00002400	0.00005167
0.00000057	0.00000047	0.00001251	0.00004337
0.00000055	-0.00000030	0.00001651	0.00004143
0.00000057	-0.00000031	0.00002266	0.00005453
0.00000006	-0.00000095	0.00002129	0.00004918
-0.00000020	-0.00000065	0.00000859	0.00005544
-0.00000064	-0.00000031	0.00000824	0.00005285
-0.00000064	0.00000009	0.00001170	0.00004498
-0.00000007	0.00000016	0.00000925	0.00005548
0.00000005	0.00000047	0.00001746	0.00005150
0.00000015	-0.00000005	0.00001158	0.00004321
0.00000009	-0.00000007	0.00000330	0.00004641
-0.00000003	0.00000020	0.00001343	0.00005741
-0.00000027	-0.00000000	0.00001967	0.00003739
-0.00000010	0.00000004	0.00002309	0.00006244
-0.00000025	0.00000024	0.00000659	0.00005475
0.00000027	0.00000028	0.00001849	0.00004452
0.00000023	0.00000003	0.00002140	0.00005041
0.00000044	-0.00000028	0.00001828	0.00005156
0.00000003	-0.00000008	0.00001613	0.00005290
-0.00000018	-0.00000038	0.00002173	0.00005122
-0.00000033	0.00000001	0.00002413	0.00005062
-0.00000019	0.00000024	0.00002417	0.00005655
0.00000015	0.00000012	0.00003307	0.00004604
0.00000052	-0.00000019	0.00002321	0.00004995
0.00000058	0.00000006	0.00002338	0.00006213
0.00000036	-0.00000036	0.00001460	0.00005690
-0.00000018	-0.00000073	0.00001267	0.00006101
-0.00000046	-0.00000039	0.00002643	0.00004394
-0.00000077	-0.00000006	0.00001788	0.00005326
-0.00000033	0.00000028	0.00001008	0.00005533
-0.00000009	0.00000037	0.00001812	0.00006059
-0.00000003	0.00000020	0.00002656	0.00006554
0.00000018	0.00000010	0.00002662	0.00004591
0.00000039	-0.00000017	0.00002611	0.00005300
0.00000015	-0.00000011	0.00002150	0.00004210
0.00000035	0.00000001	0.00002461	0.00004796
0.00000008	-0.00000005	0.00002442	0.00005030
0.00000007	0.00000041	0.00001502	0.00005943
0.00000020	0.00000006	0.00002347	0.00008494
0.00000053	-0.00000004	0.00002536	0.00007497
0.00000049	-0.00000037	0.00001980	0.00005893
0.00000015	-0.00000053	0.00002462	0.00007198
-0.00000038	-0.00000041	0.00001421	0.00005391
0.00000005	-0.00000009	0.00002836	0.00006399
-0.00000045	0.00000008	0.00002011	0.00005836
-0.00000045	0.00000014	0.00001837	0.00005866
0.00000011	0.00000038	0.00001874	0.00006288
0.00000026	-0.00000003	0.00001999	0.00006337
0.00000026	-0.00000033	0.00000443	0.00006769
0.00000003	-0.00000007	0.00002475	0.00005732
-0.00000030	-0.00000046	0.00000987	0.00004906
-0.00000043	-0.00000021	0.00002270	0.00005866
-0.00000006	-0.00000016	0.00002644	0.00005778
-0.00000031	0.00000049	0.00001858	0.00006297
0.00000017	0.00000036	0.00002207	0.00006672
0.00000037	-0.00000007	0.00001551	0.00006173
-0.00000009	-0.00000009	0.00002569	0.00006194
-0.00000033	-0.00000014	0.00002946	0.00006600
-0.00000005	-0.00000003	0.00002803	0.00007230
-0.00000001	0.00000017	0.00002388	0.00006105
0.00000006	0.00000033	0.00002142	0.00006408
0.00000016	-0.00000005	0.00001849	0.00006998
0.00000024	-0.00000005	0.00001878	0.00007024
0.00000037	-0.00000027	0.00001900	0.00005646
0.00000023	-0.00000032	0.00001188	0.00006493
-0.00000022	-0.00000028	0.00001788	0.00007242
-0.00000042	-0.00000012	0.00002370	0.00007174
-0.00000057	-0.00000008	0.00002238	0.00005990
-0.00000008	0.00000032	0.00000247	0.00007218
0.00000019	0.00000043	0.00002012	0.00007242
0.00000052	0.00000038	0.00001636	0.00007174
0.00000060	-0.00000011	0.00002693	0.00007222
0.00000033	-0.00000006	0.00002973	0.00006019
0.00000007	-0.00000032	0.00001625	0.00007915
-0.00000010	-0.00000001	0.00001069	0.00007169
0.00000022	0.00000032	0.00003265	0.00006072
-0.00000017	0.00000011	0.00000994	0.00007229
0.00000034	0.00000003	0.00002151	0.00006909
0.00000012	-0.00000020	0.00002403	0.00007201
0.00000002	-0.00000020	0.00001336	0.00006219
-0.00000018	-0.00000018	0.00002679	0.00006930
-0.00000011	-0.00000005	0.00002340	0.00006190
-0.00000075	-0.00000006	0.00002355	0.00006525
0.00000002	0.00000009	0.00002148	0.00006939
-0.00000030	0.00000041	0.00003073	0.00007869
0.00000025	0.00000031	0.00001197	0.00007891
0.00000017	0.00000020	0.00001770	0.00007487
0.00000025	0.00000007	0.00003465	0.00006621
-0.00000007	-0.00000030	0.00001669	0.00007164
-0.00000021	-0.00000041	0.00002128	0.00006737
-0.00000014	-0.00000006	0.00002804	0.00007478
-0.00000023	0.00000016	0.00003560	0.00007543
-0.00000031	0.00000031	0.00002114	0.00008050
-0.00000001	0.00000015	0.00001534	0.00007978
0.00000015	0.00000020	0.00001728	0.00007430
-0.00000014	-0.00000009	0.00002917	0.00007542
-0.00000007	-0.00000019	0.00002453	0.00007080
-0.00000018	0.00000005	0.00003553	0.00008491
-0.00000009	0.00000005	0.00003105	0.00007342
0.00000016	0.00000018	0.00002405	0.00009182
0.00000040	0.00000015	0.00002377	0.00006617
0.00000043	-0.00000018	0.00003268	0.00008996
0.00000008	-0.00000040	0.00001925	0.00008308
0.00000020	-0.00000033	0.00002292	0.00007968
-0.00000043	-0.00000015	0.00002017	0.00008752
-0.00000027	-0.00000040	0.00002672	0.00009011
-0.00000023	0.00000005	0.00002089	0.00008657
0.00000001	0.00000032	0.00001864	0.00009839
-0.00000041	0.00000032	0.00002204	0.00008334
-0.00000003	0.00000021	0.00002175	0.00007613
0.00000003	-0.00000026	0.00001467	0.00009753
-0.00000006	-0.00000012	0.00002789	0.00008390
-0.00000046	0.00000015	0.00003872	0.00007677
-0.00000018	0.00000020	0.00003112	0.00008599
0.00000010	0.00000022	0.00002297	0.00007840
0.00000032	0.00000016	0.00003343	0.00008753
0.00000028	0.00000019	0.00002647	0.00009231
-0.00000023	0.00000002	0.00003591	0.00010426
-0.00000001	-0.00000043	0.00002786	0.00009389
-0.00000023	-0.00000005	0.00002965	0.00010558
-0.00000009	-0.00000020	0.00003105	0.00008414
0.00000003	0.00000037	0.00001829	0.00010438
0.00000013	0.00000025	0.00002413	0.00009470
0.00000019	0.00000016	0.00003382	0.00010248
0.00000007	0.00000017	0.00003186	0.00010253
0.00000019	-0.00000013	0.00003521	0.00009909
-0.00000005	0.00000004	0.00003248	0.00010149
-0.00000001	0.00000016	0.00003064	0.00011715
-0.00000014	-0.00000016	0.00004468	0.00010999
0.00000011	0.00000013	0.00003415	0.00010327
0.00000005	0.00000040	0.00003927	0.00009971
0.00000053	0.00000004	0.00004143	0.00010262
-0.00000006	0.00000028	0.00004146	0.00011318
0.00000004	-0.00000022	0.00003432	0.00011319
0.00000009	0.00000011	0.00004755	0.00009439
0.00000006	0.00000016	0.00002880	0.00011394
-0.00000002	0.00000031	0.00003529	0.00010074
0.00000001	0.00000013	0.00003677	0.00010666
0.00000030	0.00000024	0.00003222	0.00012291
0.00000024	0.00000024	0.00002483	0.00011518
0.00000002	-0.00000008	0.00002644	0.00012487
0.00000020	0.00000000	0.00003634	0.00011622
-0.00000010	0.00000012	0.00002906	0.00010939
-0.00000034	-0.00000004	0.00003773	0.00013098
-0.00000006	0.00000017	0.00003941	0.00011948
0.00000013	0.00000044	0.00003705	0.00012915
0.00000018	0.00000020	0.00003333	0.00012666
0.00000019	-0.00000005	0.00004288	0.00012324
0.00000012	0.00000001	0.00005036	0.00013557
0.00000005	-0.00000019	0.00004762	0.00012897
0.00000001	0.00000004	0.00003851	0.00015470
-0.00000005	-0.00000022	0.00005906	0.00013463
-0.00000028	0.00000003	0.00005474	0.00013512
-0.00000016	0.00000007	0.00005247	0.00014028
0.00000030	0.00000009	0.00003126	0.00014960
0.00000020	-0.00000001	0.00005700	0.00013911
0.00000012	-0.00000002	0.00007525	0.00016608
0.00000005	0.00000008	0.00006423	0.00016201
0.00000015	0.00000007	0.00007152	0.00016018
-0.00000005	0.00000005	0.00007124	0.00016363
-0.00000009	0.00000030	0.00006544	0.00016794
0.00000018	0.00000005	0.00008144	0.00017488
0.00000009	-0.00000013	0.00009190	0.00017916
0.00000007	0.00000006	0.00010239	0.00018993
0.00000016	-0.00000023	0.00011215	0.00016914
-0.00000017	-0.00000000	0.00012162	0.00018755
-0.00000038	-0.00000036	0.00014375	0.00017439
0.00000000	0.00000023	0.00016223	0.00017813
-0.00000011	0.00000016	0.00017464	0.00016145
-0.00000007	0.00000042	0.00016650	0.00014170
-0.00000011	0.00000013	0.00017281	0.00014475
0.00000005	0.00000020	0.00019507	0.00012798
-0.00000012	-0.00000022	0.00020048	0.00010428
-0.00000008	0.00000011	0.00020936	0.00008092
-0.00000019	0.00000004	0.00019244	0.00006498
0.00000021	0.00000029	0.00017974	0.00004168
0.00000017	0.00000010	0.00015810	0.00001697
0.00000015	-0.00000005	0.00012751	0.00000518
-0.00000002	-0.00000001	0.00010543	0.00000144
0.00000005	0.00000004	0.00008999	0.00000989
-0.00000033	0.00000007	0.00008686	0.00003417
-0.00000043	0.00000008	0.00006536	0.00003353
0.00000004	0.00000001	0.00006515	0.00004221
-0.00000019	0.00000024	0.00006031	0.00004174
0.00000030	-0.00000010	0.00005541	0.00004943
0.00000019	0.00000000	0.00004360	0.00008428
-0.00000006	-0.00000007	0.00005638	0.00008120
0.00000005	0.00000013	0.00004649	0.00007511
-0.00000001	-0.00000024	0.00005087	0.00008811
-0.00000031	-0.00000029	0.00005174	0.00009903
-0.00000030	0.00000025	0.00005987	0.00010927
-0.00000021	-0.00000003	0.00005064	0.00011991
0.00000001	0.00000034	0.00005048	0.00011226
-0.00000015	0.00000027	0.00006551	0.00011305
0.00000008	0.00000015	0.00007153	0.00010979
0.00000008	-0.00000013	0.00007634	0.00011588
-0.00000001	0.00000015	0.00007736	0.00014059
-0.00000004	0.00000020	0.00008773	0.00012489
0.00000013	0.00000016	0.00009254	0.00013094
-0.00000017	0.00000014	0.00010688	0.00012119
0.00000028	0.00000013	0.00010390	0.00013685
0.00000029	0.00000006	0.00012255	0.00012611
0.00000004	0.00000002	0.00011793	0.00011477
-0.00000008	0.00000000	0.00010442	0.00009926
-0.00000015	-0.00000005	0.00009556	0.00010699
-0.00000020	0.00000003	0.00009557	0.00010515
0.00000005	0.00000014	0.00008913	0.00010328
-0.00000021	-0.00000003	0.00007677	0.00011333
-0.00000024	0.00000022	0.00009362	0.00011751
0.00000002	0.00000017	0.00007819	0.00011532
0.00000024	0.00000011	0.00009437	0.00013512
0.00000001	-0.00000002	0.00010076	0.00014367
0.00000024	0.00000009	0.00011370	0.00015067
-0.00000025	0.00000042	0.00012326	0.00015941
0.00000014	-0.00000004	0.00013433	0.00014231
-0.00000009	0.00000030	0.00013803	0.00013901
-0.00000005	-0.00000003	0.00013707	0.00015171
-0.00000003	0.00000001	0.00014394	0.00012370
0.00000002	0.00000013	0.00015679	0.00014286
0.00000015	0.00000006	0.00016124	0.00012069
-0.00000013	0.00000031	0.00016549	0.00011056
-0.00000012	0.00000017	0.00018130	0.00009009
0.00000013	0.00000013	0.00015661	0.00007656
0.00000008	0.00000025	0.00015490	0.00008257
-0.00000008	0.00000001	0.00014253	0.00006717
-0.00000019	0.00000003	0.00012186	0.00006709
-0.00000042	0.00000005	0.00011000	0.00005292
-0.00000026	0.00000001	0.00011358	0.00006262
-0.00000019	-0.00000012	0.00009985	0.00008214
-0.00000009	0.00000010	0.00010203	0.00008248
-0.00000018	-0.00000010	0.00010066	0.00009216
0.00000027	0.00000002	0.00008652	0.00009315
0.00000002	0.00000013	0.00008116	0.00008336
0.00000016	0.00000003	0.00008868	0.00010989
-0.00000013	0.00000003	0.00009199	0.00010661
-0.00000015	-0.00000008	0.00008951	0.00011973
0.00000042	-0.00000016	0.00008776	0.00011625
0.00000009	0.00000003	0.00009144	0.00013248
0.00000002	-0.00000003	0.00010004	0.00014501
0.00000005	0.00000014	0.00009926	0.00014013
-0.00000018	-0.00000004	0.00012119	0.00015167
-0.00000021	-0.00000011	0.00011723	0.00015131
0.00000012	-0.00000017	0.00013827	0.00015526
0.00000025	-0.00000000	0.00013689	0.00014426
-0.00000002	0.00000011	0.00012919	0.00014464
-0.00000017	0.00000014	0.00015489	0.00013306
-0.00000031	0.00000016	0.00015721	0.00014145
-0.00000016	-0.00000009	0.00016897	0.00013895
0.00000028	0.00000014	0.00014997	0.00013333
-0.00000004	0.00000023	0.00016648	0.00012480
-0.00000015	0.00000011	0.00015233	0.00011198
0.00000014	0.00000031	0.00014147	0.00012172
-0.00000002	0.00000002	0.00014486	0.00013043
0.00000005	0.00000024	0.00014101	0.00009763
-0.00000022	-0.00000005	0.00013813	0.00012233
0.00000003	0.00000010	0.00013035	0.00011706
-0.00000003	0.00000034	0.00013306	0.00012512
0.00000000	0.00000012	0.00012387	0.00013670
0.00000018	0.00000016	0.00012039	0.00012839
0.00000008	0.00000015	0.00013225	0.00014055
-0.00000016	0.00000021	0.00012826	0.00015676
-0.00000001	0.00000006	0.00013243	0.00016574
0.00000004	-0.00000003	0.00012266	0.00018582
-0.00000037	0.00000001	0.00012968	0.00018631
-0.00000020	-0.00000004	0.00013877	0.00017831
0.00000009	0.00000011	0.00013360	0.00020327
0.00000019	-0.00000024	0.00014669	0.00019665
-0.00000017	0.00000003	0.00015682	0.00019325
-0.00000028	0.00000022	0.00017144	0.00021547
0.00000014	0.00000011	0.00018626	0.00022114
0.00000018	0.00000003	0.00018415	0.00023746
-0.00000003	0.00000016	0.00020021	0.00022378
-0.00000002	0.00000032	0.00020550	0.00024674
-0.00000060	0.00000015	0.00020375	0.00025258
-0.00000025	0.00000001	0.00021818	0.00025739
-0.00000006	0.00000016	0.00021098	0.00027648
-0.00000000	0.00000003	0.00021689	0.00029021
0.00000013	0.00000010	0.00025059	0.00032625
-0.00000001	-0.00000012	0.00027140	0.00036049
0.00000007	0.00000007	0.00029097	0.00040901
0.00000006	0.00000001	0.00035268	0.00047244
-0.00000009	0.00000021	0.00050363	0.00052403
-0.00000023	0.00000001	0.00071225	0.00052987
0.00000004	-0.00000008	0.00093635	0.00039189
-0.00000019	0.00000016	0.00106649	0.00006743
0.00000012	-0.00000001	0.00091581	-0.00028047
-0.00000012	-0.00000032	0.00061707	-0.00035320
-0.00000020	0.00000028	0.00048291	-0.00025553
-0.00000010	-0.00000004	0.00048041	-0.00025203
-0.00000010	-0.00000005	0.00042050	-0.00028702
0.00000008	-0.00000006	0.00031026	-0.00027273
0.00000003	0.00000015	0.00030149	-0.00020523
-0.00000001	0.00000003	0.00030245	-0.00018103
0.00000015	-0.00000024	0.00029340	-0.00018572
0.00000002	-0.00000004	0.00027663	-0.00017930
0.00000023	-0.00000041	0.00026913	-0.00016089
-0.00000014	0.00000014	0.00025308	-0.00015047
-0.00000018	-0.00000002	0.00024007	-0.00015349
-0.00000006	0.00000010	0.00024858	-0.00015122
0.00000013	-0.00000020	0.00023096	-0.00014075
0.00000003	0.00000017	0.00023143	-0.00014107
-0.00000009	-0.00000014	0.00022681	-0.00016271
-0.00000021	-0.00000018	0.00019272	-0.00013044
-0.00000006	0.00000012	0.00016880	-0.00011777
-0.00000011	0.00000043	0.00016435	-0.00011580
0.00000018	-0.00000001	0.00015571	-0.00009222
0.00000008	0.00000046	0.00016121	-0.00007444
0.00000010	0.00000026	0.00016373	-0.00006658
-0.00000026	0.00000006	0.00017132	-0.00006412
0.00000020	0.00000011	0.00016868	-0.00004757
0.00000003	-0.00000020	0.00016577	-0.00005283
-0.00000004	0.00000032	0.00016782	-0.00003278
0.00000012	0.00000010	0.00017201	-0.00003130
-0.00000014	-0.00000005	0.00018668	-0.00000308
0.00000006	0.00000028	0.00021825	0.00001342
-0.00000009	0.00000005	0.00024732	0.00000936
-0.00000038	0.00000006	0.00028535	-0.00000555
-0.00000007	0.00000035	0.00030323	-0.00004825
-0.00000022	0.00000016	0.00032579	-0.00010842
-0.00000007	0.00000006	0.00029335	-0.00015963
-0.00000000	0.00000020	0.00023672	-0.00019120
-0.00000009	-0.00000008	0.00019186	-0.00018492
-0.00000004	-0.00000012	0.00015683	-0.00017295
-0.00000009	0.00000022	0.00012855	-0.00014034
-0.00000009	-0.00000003	0.00011325	-0.00011580
0.00000002	0.00000000	0.00013652	-0.00007506
-0.00000023	-0.00000008	0.00014919	-0.00006269
-0.00000024	-0.00000004	0.00015059	-0.00006815
-0.00000015	-0.00000018	0.00017390	-0.00008404
0.00000014	0.00000001	0.00015833	-0.00008458
-0.00000018	0.00000014	0.00015257	-0.00007272
-0.00000003	0.00000000	0.00016986	-0.00006331
-0.00000006	-0.00000007	0.00017752	-0.00007560
0.00000022	0.00000024	0.00017209	-0.00008674
-0.00000001	0.00000000	0.00016385	-0.00008886
0.00000003	-0.00000011	0.00015473	-0.00009493
-0.00000043	0.00000013	0.00016291	-0.00009415
0.00000010	0.00000018	0.00016431	-0.00010677
0.00000036	-0.00000009	0.00013840	-0.00013121
0.00000023	-0.00000016	0.00009723	-0.00010566
-0.00000014	0.00000013	0.00009212	-0.00009749
0.00000006	0.00000009	0.00009261	-0.00008687
0.00000001	-0.00000002	0.00006917	-0.00008727
-0.00000002	-0.00000009	0.00006930	-0.00005449
0.00000019	-0.00000000	0.00006730	-0.00002784
-0.00000017	0.00000013	0.00008611	-0.00000352
-0.00000017	-0.00000011	0.00011780	0.00002806
-0.00000005	0.00000016	0.00014222	0.00001124
-0.00000007	0.00000022	0.00019711	0.00000591
0.00000039	0.00000005	0.00019869	-0.00003851
0.00000011	0.00000012	0.00018397	-0.00007791
0.00000002	-0.00000007	0.00015761	-0.00006308
-0.00000024	-0.00000005	0.00013706	-0.00006048
0.00000002	0.00000001	0.00017232	-0.00004814
0.00000021	-0.00000009	0.00018415	-0.00008940
0.00000023	-0.00000003	0.00016348	-0.00011218
-0.00000026	0.00000005	0.00010413	-0.00013893
0.00000002	0.00000017	0.00008459	-0.00010367
0.00000013	0.00000014	0.00006586	-0.00007315
-0.00000031	0.00000031	0.00008907	-0.00005653
0.00000030	-0.00000004	0.00008862	-0.00005952
0.00000004	-0.00000002	0.00008903	-0.00005255
0.00000016	0.00000022	0.00008488	-0.00006195
0.00000002	-0.00000010	0.00007424	-0.00005292
0.00000017	0.00000014	0.00007249	-0.00004962
0.00000001	-0.00000003	0.00005518	-0.00002923
0.00000014	0.00000002	0.00006004	-0.00000056
-0.00000004	-0.00000023	0.00005906	0.00000794
-0.00000009	0.00000017	0.00006480	0.00002281
-0.00000007	-0.00000016	0.00006602	0.00002544
0.00000011	-0.00000019	0.00006991	0.00004060
-0.00000013	-0.00000017	0.00007274	0.00005189
0.00000012	0.00000004	0.00006587	0.00005828
-0.00000018	0.00000002	0.00007831	0.00007387
0.00000029	-0.00000021	0.00008645	0.00010280
0.00000013	-0.00000022	0.00011624	0.00010678
-0.00000005	-0.00000026	0.00012530	0.00012360
0.00000025	-0.00000001	0.00013835	0.00012663
0.00000001	0.00000011	0.00015816	0.00013694
-0.00000013	0.00000015	0.00019569	0.00013963
0.00000013	-0.00000009	0.00019560	0.00015015
0.00000006	-0.00000002	0.00022987	0.00015422
-0.00000023	0.00000010	0.00024371	0.00015490
-0.00000015	0.00000020	0.00027180	0.00018358
-0.00000013	0.00000017	0.00034547	0.00020006
-0.00000012	-0.00000000	0.00044839	0.00019848
0.00000023	0.00000010	0.00058296	0.00009832
-0.00000017	-0.00000021	0.00066913	-0.00009598
-0.00000007	0.00000002	0.00057108	-0.00034442
0.00000020	-0.00000015	0.00032502	-0.00044203
-0.00000003	0.00000010	0.00014961	-0.00035051
-0.00000034	0.00000008	0.00010765	-0.00023259
0.00000016	-0.00000025	0.00009073	-0.00018206
0.00000016	-0.00000004	0.00008558	-0.00014289
-0.00000003	0.00000016	0.00006808	-0.00010722
0.00000005	-0.00000023	0.00007608	-0.00007658
-0.00000035	0.00000019	0.00009637	-0.00004529
-0.00000009	0.00000007	0.00008725	-0.00001808
-0.00000009	-0.00000016	0.00010169	-0.00000680
0.00000016	0.00000009	0.00011179	0.00001091
0.00000000	-0.00000008	0.00013960	0.00004390
0.00000016	-0.00000021	0.00015105	0.00006032
0.00000005	0.00000006	0.00018173	0.00010072
0.00000001	-0.00000007	0.00023875	0.00011538
-0.00000006	0.00000023	0.00030846	0.00009368
-0.00000009	-0.00000008	0.00040842	0.00004362
-0.00000002	-0.00000002	0.00045315	-0.00008915
0.00000014	-0.00000012	0.00038251	-0.00020983
0.00000001	0.00000018	0.00028091	-0.00024396
-0.00000013	-0.00000002	0.00021660	-0.00021009
-0.00000031	-0.00000004	0.00019738	-0.00018564
0.00000012	0.00000014	0.00019882	-0.00017870
0.00000013	0.00000022	0.00016732	-0.00018331
0.00000012	0.00000017	0.00017164	-0.00017366
0.00000008	-0.00000015	0.00013694	-0.00017577
-0.00000007	0.00000015	0.00011133	-0.00015858
-0.00000034	0.00000003	0.00011034	-0.00013605
-0.00000009	0.00000001	0.00010605	-0.00013149
0.00000006	0.00000025	0.00010976	-0.00011912
0.00000016	0.00000021	0.00012095	-0.00010684
-0.00000004	0.00000002	0.00010919	-0.00012235
-0.00000001	0.00000001	0.00010312	-0.00011244
0.00000002	-0.00000018	0.00006924	-0.00010342
0.00000015	0.00000009	0.00007221	-0.00007880
0.00000008	0.00000001	0.00008724	-0.00005386
-0.00000009	0.00000025	0.00009005	-0.00005059
-0.00000019	0.00000004	0.00009154	-0.00003215
-0.00000010	0.00000017	0.00011908	-0.00003134
0.00000025	-0.00000003	0.00011050	-0.00002022
-0.00000003	0.00000007	0.00010545	-0.00002933
-0.00000007	0.00000014	0.00010495	-0.00000736
-0.00000007	-0.00000031	0.00010533	0.00000186
0.00000013	0.00000025	0.00010904	0.00001860
-0.00000026	0.00000004	0.00012463	0.00003095
-0.00000019	-0.00000011	0.00016591	0.00006075
0.00000020	0.00000011	0.00019553	0.00005505
0.00000019	0.00000011	0.00023391	0.00004439
0.00000002	0.00000018	0.00024894	0.00002995
0.00000017	0.00000020	0.00025656	0.00001459
0.00000001	0.00000004	0.00028850	-0.00001234
0.00000008	0.00000007	0.00028925	-0.00005180
-0.00000012	0.00000013	0.00025234	-0.00010794
0.00000010	0.00000004	0.00020313	-0.00007122
-0.00000038	0.00000003	0.00021099	-0.00004722
0.00000020	0.00000030	0.00023793	-0.00002797
-0.00000040	-0.00000008	0.00025989	-0.00003085
-0.00000005	0.00000004	0.00025152	-0.00006066
0.00000005	0.00000005	0.00025986	-0.00006240
-0.00000003	0.00000014	0.00028330	-0.00007291
0.00000010	-0.00000020	0.00029526	-0.00011540
0.00000001	0.00000020	0.00025725	-0.00014267
0.00000032	0.00000028	0.00024311	-0.00012886
-0.00000029	-0.00000009	0.00023556	-0.00014832
-0.00000011	0.00000013	0.00019979	-0.00016506
0.00000012	-0.00000001	0.00016263	-0.00013829
0.00000027	-0.00000016	0.00016715	-0.00008984
0.00000008	-0.00000011	0.00018462	-0.00004305
0.00000004	0.00000027	0.00021895	-0.00003857
-0.00000006	0.00000003	0.00026640	-0.00004422
0.00000019	0.00000016	0.00028817	-0.00007760
0.00000022	-0.00000016	0.00031621	-0.00011101
0.00000040	-0.00000037	0.00031773	-0.00015371
-0.00000007	-0.00000021	0.00030181	-0.00019975
-0.00000008	0.00000012	0.00026695	-0.00023085
0.00000033	-0.00000003	0.00020581	-0.00023066
-0.00000023	-0.00000001	0.00017111	-0.00020518
-0.00000014	-0.00000007	0.00014143	-0.00016374
-0.00000014	-0.00000023	0.00014382	-0.00014777
0.00000006	-0.00000004	0.00015218	-0.00013058
0.00000008	-0.00000014	0.00016013	-0.00010943
0.00000011	0.00000009	0.00017445	-0.00010024
0.00000008	0.00000009	0.00019168	-0.00007120
0.00000030	-0.00000001	0.00022398	-0.00006374
-0.00000004	0.00000013	0.00024576	-0.00004411
-0.00000019	-0.00000019	0.00028976	-0.00004430
0.00000006	0.00000013	0.00034680	-0.00005644
-0.00000033	0.00000020	0.00042032	-0.00009702
-0.00000001	0.00000031	0.00046676	-0.00018767
0.00000012	0.00000005	0.00042476	-0.00032192
0.00000001	-0.00000008	0.00033034	-0.00037678
-0.00000022	0.00000023	0.00026069	-0.00039526
0.00000014	-0.00000017	0.00018523	-0.00037848
0.00000011	0.00000006	0.00015694	-0.00034862
0.00000008	-0.00000021	0.00014602	-0.00031165
0.00000015	0.00000017	0.00012741	-0.00028696
-0.00000004	-0.00000015	0.00013119	-0.00029872
0.00000006	-0.00000006	0.00011817	-0.00026557
-0.00000013	-0.00000026	0.00009710	-0.00024997
-0.00000018	0.00000008	0.00009937	-0.00022806
0.00000005	0.00000022	0.00010786	-0.00021207
-0.00000014	0.00000012	0.00012424	-0.00020859
-0.00000004	0.00000037	0.00016160	-0.00020360
-0.00000012	-0.00000028	0.00016497	-0.00025347
-0.00000004	-0.00000005	0.00016557	-0.00027702
0.00000014	0.00000001	0.00011615	-0.00029059
-0.00000020	-0.00000008	0.00009871	-0.00028723
-0.00000001	-0.00000001	0.00009093	-0.00026181
0.00000016	-0.00000003	0.00008883	-0.00026088
-0.00000021	-0.00000019	0.00009415	-0.00024002
-0.00000016	-0.00000016	0.00008151	-0.00024593
0.00000012	0.00000001	0.00007836	-0.00025322
-0.00000023	0.00000004	0.00006064	-0.00023870
0.00000010	-0.00000003	0.00004850	-0.00022529
-0.00000015	0.00000007	0.00005290	-0.00022940
-0.00000000	-0.00000006	0.00006785	-0.00021340
-0.00000001	-0.00000004	0.00004958	-0.00021349
0.00000013	0.00000003	0.00005597	-0.00019599
-0.00000001	-0.00000001	0.00004663	-0.00019868
0.00000003	-0.00000000	0.00006223	-0.00017760
-0.00000018	0.00000022	0.00006054	-0.00017833
-0.00000006	-0.00000008	0.00007184	-0.00018384
0.00000004	0.00000014	0.00008034	-0.00016863
-0.00000002	-0.00000001	0.00008480	-0.00017035
-0.00000008	-0.00000010	0.00008250	-0.00018462
0.00000001	-0.00000016	0.00010178	-0.00019446
-0.00000003	0.00000021	0.00011071	-0.00018830
0.00000005	-0.00000004	0.00011641	-0.00018882
0.00000010	-0.00000007	0.00010256	-0.00019897
0.00000008	-0.00000026	0.00011361	-0.00019338
0.00000007	0.00000015	0.00010194	-0.00018954
-0.00000030	0.00000015	0.00012149	-0.00021941
0.00000002	0.00000012	0.00010768	-0.00022658
0.00000006	0.00000003	0.00011306	-0.00022551
-0.00000013	-0.00000015	0.00011405	-0.00022822
-0.00000022	-0.00000000	0.00010946	-0.00026126
0.00000006	-0.00000003	0.00008095	-0.00026103
-0.00000014	0.00000021	0.00006816	-0.00027691
0.00000002	-0.00000006	0.00004256	-0.00028384
-0.00000002	0.00000019	0.00004117	-0.00026287
-0.00000018	-0.00000008	0.00003865	-0.00026061
-0.00000006	0.00000008	0.00002754	-0.00026635
0.00000019	-0.00000012	-0.00000070	-0.00027408
0.00000007	-0.00000008	-0.00001556	-0.00027342
-0.00000021	-0.00000005	0.00000795	-0.00023290
0.00000011	-0.00000008	-0.00001648	-0.00023237
-0.00000003	-0.00000016	-0.00001022	-0.00020226
0.00000021	-0.00000018	-0.00001776	-0.00022498
0.00000024	0.00000009	-0.00002160	-0.00022444
-0.00000011	0.00000022	-0.00002493	-0.00022022
-0.00000027	0.00000016	-0.00002601	-0.00020160
0.00000021	-0.00000032	-0.00001943	-0.00019723
-0.00000020	-0.00000010	-0.00002661	-0.00020337
-0.00000009	0.00000007	-0.00002683	-0.00018743
-0.00000014	-0.00000011	-0.00002903	-0.00018393
-0.00000003	0.00000013	-0.00003087	-0.00019093
0.00000013	-0.00000000	-0.00004074	-0.00019394
0.00000022	-0.00000013	-0.00004916	-0.00017775
-0.00000030	0.00000004	-0.00005364	-0.00016901
0.00000007	0.00000009	-0.00003114	-0.00015598
-0.00000003	-0.00000002	-0.00004157	-0.00017614
-0.00000002	0.00000014	-0.00001831	-0.00016158
-0.00000012	0.00000002	-0.00001771	-0.00014762
0.00000010	0.00000000	-0.00004754	-0.00017417
0.00000016	0.00000020	-0.00003704	-0.00013751
0.00000010	0.00000016	-0.00001227	-0.00016044
-0.00000013	-0.00000006	-0.00003609	-0.00015921
-0.00000009	0.00000004	-0.00001485	-0.00013801
0.00000004	0.00000027	-0.00001749	-0.00014926
0.00000000	-0.00000005	-0.00003712	-0.00015773
-0.00000035	-0.00000018	-0.00003250	-0.00012522
-0.00000005	0.00000029	-0.00002582	-0.00012905
-0.00000019	0.00000004	-0.00003563	-0.00013497
-0.00000020	0.00000026	-0.00002737	-0.00011556
-0.00000004	0.00000015	-0.00001797	-0.00011675
0.00000012	0.00000029	-0.00002102	-0.00011504
-0.00000014	0.00000012	-0.00001500	-0.00012640
0.00000000	0.00000006	-0.00001458	-0.00011992
-0.00000017	-0.00000003	-0.00001269	-0.00011777
0.00000008	-0.00000005	-0.00001374	-0.00011997
-0.00000002	-0.00000014	-0.00001657	-0.00011303
-0.00000007	-0.00000010	-0.00001747	-0.00011669
0.00000009	0.00000028	-0.00001595	-0.00011036
-0.00000037	-0.00000006	-0.00001495	-0.00010554
0.00000022	-0.00000004	-0.00001919	-0.00011694
-0.00000001	-0.00000014	-0.00002005	-0.00012118
0.00000022	-0.00000028	-0.00001912	-0.00011579
0.00000007	0.00000022	0.00000290	-0.00011258
-0.00000006	0.00000000	0.00000716	-0.00011012
0.00000015	0.00000008	-0.00000970	-0.00011302
-0.00000007	-0.00000012	-0.00001778	-0.00010068
0.00000009	0.00000026	-0.00001596	-0.00010540
-0.00000001	0.00000003	-0.00001707	-0.00010362
0.00000019	0.00000017	-0.00001680	-0.00011176
-0.00000011	-0.00000002	-0.00000961	-0.00009954
-0.00000006	-0.00000004	-0.00000638	-0.00010831
0.00000028	-0.00000030	-0.00000007	-0.00010102
0.00000027	-0.00000000	-0.00000497	-0.00009821
0.00000011	-0.00000012	-0.00000004	-0.00007896
0.00000015	-0.00000015	-0.00001467	-0.00010204
0.00000002	-0.00000010	-0.00001001	-0.00010340
0.00000011	0.00000010	0.00001656	-0.00008971
-0.00000029	0.00000003	-0.00000953	-0.00010481
0.00000003	-0.00000014	0.00000063	-0.00009884
-0.00000009	-0.00000007	0.00001153	-0.00008870
0.00000006	0.00000004	-0.00000347	-0.00009436
-0.00000012	-0.00000016	0.00000299	-0.00009220
-0.00000015	0.00000007	-0.00000599	-0.00011247
-0.00000026	-0.00000001	-0.00000741	-0.00010077
0.00000009	-0.00000020	-0.00000030	-0.00009218
0.00000014	-0.00000006	-0.00000309	-0.00010777
-0.00000004	-0.00000014	-0.00002058	-0.00009924
-0.00000025	-0.00000021	0.00000391	-0.00010049
-0.00000004	0.00000006	-0.00000568	-0.00010245
-0.00000003	-0.00000026	-0.00001591	-0.00008956
-0.00000013	0.00000017	-0.00001146	-0.00009759
-0.00000013	-0.00000004	-0.00000564	-0.00008537
0.00000001	-0.00000004	0.00000458	-0.00009616
-0.00000014	0.00000001	0.00000433	-0.00008290
0.00000007	-0.00000000	-0.00000282	-0.00008957
0.00000009	0.00000008	-0.00000194	-0.00008985
0.00000005	0.00000012	-0.00000232	-0.00009464
-0.00000027	0.00000014	0.00000720	-0.00008970
-0.00000005	0.00000036	-0.00000776	-0.00009227
0.00000008	-0.00000018	-0.00000923	-0.00008066
-0.00000001	0.00000027	0.00000887	-0.00010000
-0.00000012	-0.00000002	-0.00001048	-0.00008698
0.00000010	0.00000008	0.00000145	-0.00008839
0.00000028	-0.00000009	-0.00000044	-0.00008206
-0.00000001	0.00000022	-0.00001217	-0.00009007
-0.00000007	-0.00000016	-0.00000320	-0.00009945
-0.00000006	0.00000001	-0.00000647	-0.00009275
-0.00000010	0.00000021	0.00000278	-0.00008416
0.00000003	0.00000020	-0.00000102	-0.00009920
-0.00000022	0.00000002	0.00000094	-0.00008754
-0.00000008	0.00000009	-0.00000014	-0.00008537
-0.00000034	0.00000009	0.00000764	-0.00009583
0.00000003	-0.00000003	-0.00001443	-0.00009857
0.00000002	-0.00000004	-0.00001400	-0.00007556
-0.00000010	0.00000009	-0.00000669	-0.00008959
-0.00000005	0.00000005	0.00000427	-0.00008222
0.00000018	-0.00000024	-0.00000285	-0.00007980
-0.00000009	-0.00000007	-0.00000357	-0.00008923
0.00000006	0.00000029	-0.00001075	-0.00007882
0.00000011	0.00000008	-0.00000260	-0.00008495
0.00000001	-0.00000011	-0.00000758	-0.00007181
-0.00000012	-0.00000005	-0.00001031	-0.00009157
-0.00000009	-0.00000003	-0.00000643	-0.00007962
-0.00000026	0.00000028	-0.00000520	-0.00007603
0.00000011	0.00000014	0.00000062	-0.00008392
0.00000029	-0.00000010	0.00000811	-0.00007815
0.00000002	-0.00000003	-0.00000209	-0.00007813
0.00000000	0.00000022	-0.00000944	-0.00007966
-0.00000035	0.00000012	0.00000584	-0.00007362
-0.00000011	0.00000010	0.00000566	-0.00008221
-0.00000004	0.00000011	0.00000833	-0.00008293
-0.00000004	0.00000002	0.00001208	-0.00007442
0.00000009	0.00000001	-0.00000387	-0.00007297
-0.00000030	0.00000016	0.00000743	-0.00006732
-0.00000004	-0.00000001	0.00000639	-0.00005945
0.00000009	0.00000004	-0.00000205	-0.00007129
0.00000007	-0.00000024	0.00000749	-0.00008936
-0.00000008	0.00000011	0.00001069	-0.00007588
0.00000006	0.00000011	0.00000080	-0.00007395
-0.00000001	0.00000010	-0.00000111	-0.00007868
0.00000011	0.00000011	0.00000914	-0.00006853
-0.00000008	0.00000030	-0.00000013	-0.00007853
-0.00000004	-0.00000004	-0.00001365	-0.00007852
-0.00000017	-0.00000007	-0.00000154	-0.00006788
0.00000001	-0.00000011	-0.00000431	-0.00007465
0.00000030	0.00000002	0.00001221	-0.00006932
0.00000000	0.00000021	0.00000502	-0.00007250
-0.00000016	-0.00000015	0.00000631	-0.00007962
0.00000014	0.00000028	-0.00000411	-0.00007100
-0.00000019	-0.00000014	0.00000659	-0.00007247
-0.00000006	-0.00000009	0.00001426	-0.00006834
0.00000003	0.00000012	0.00000249	-0.00008254
-0.00000001	-0.00000000	0.00000547	-0.00006914
0.00000025	-0.00000006	-0.00000797	-0.00007985
0.00000025	0.00000006	0.00000284	-0.00007149
0.00000009	0.00000005	0.00000819	-0.00005929
-0.00000017	-0.00000004	0.00000580	-0.00007511
-0.00000007	0.00000007	0.00000998	-0.00007079
0.00000009	-0.00000020	-0.00001217	-0.00007161
-0.00000020	0.00000005	0.00000212	-0.00007226
-0.00000018	-0.00000007	-0.00000058	-0.00006000
0.00000012	-0.00000004	0.00000104	-0.00006851
-0.00000014	0.00000012	-0.00000509	-0.00006328
-0.00000005	0.00000010	0.00001685	-0.00005089
0.00000003	0.00000031	0.00000815	-0.00005351
0.00000003	0.00000001	0.00001297	-0.00006708
-0.00000009	0.00000004	-0.00000039	-0.00006117
0.00000025	-0.00000027	0.00000770	-0.00006475
-0.00000003	-0.00000007	-0.00000437	-0.00007422
-0.00000016	-0.00000036	-0.00000256	-0.00005716
-0.00000008	0.00000013	0.00000955	-0.00006155
-0.00000009	0.00000021	0.00000538	-0.00005229
0.00000017	0.00000002	0.00001209	-0.00006497
-0.00000008	0.00000008	-0.00000317	-0.00007420
-0.00000002	-0.00000003	0.00000091	-0.00006393
0.00000043	-0.00000001	-0.00000281	-0.00006641
0.00000019	0.00000028	0.00000406	-0.00007335
0.00000005	0.00000012	0.00000530	-0.00007606
-0.00000017	-0.00000005	0.00000804	-0.00006372
0.00000008	0.00000014	-0.00000862	-0.00006821
0.00000007	0.00000008	-0.00000480	-0.00007528
0.00000034	0.00000018	-0.00000496	-0.00007196
-0.00000008	0.00000008	0.00000639	-0.00006340
-0.00000000	0.00000026	-0.00000640	-0.00005411
-0.00000020	-0.00000016	0.00001272	-0.00007191
0.00000020	-0.00000028	0.00001408	-0.00005325
0.00000002	-0.00000001	0.00001319	-0.00006207
-0.00000002	-0.00000002	0.00001706	-0.00005552
0.00000000	-0.00000022	-0.00000105	-0.00004811
-0.00000007	-0.00000011	-0.00000298	-0.00007543
0.00000004	-0.00000008	0.00000354	-0.00006327
-0.00000013	0.00000008	-0.00000917	-0.00005734
-0.00000020	-0.00000002	0.00000649	-0.00007067
0.00000013	0.00000017	0.00000565	-0.00005969
-0.00000001	-0.00000005	0.00000053	-0.00007483
0.00000022	0.00000011	0.00000456	-0.00005644
-0.00000006	0.00000016	0.00000118	-0.00005627
0.00000011	0.00000019	0.00000985	-0.00005981
-0.00000010	-0.00000003	-0.00000136	-0.00006221
-0.00000021	0.00000006	-0.00000835	-0.00006329
-0.00000006	0.00000000	0.00000455	-0.00006752
-0.00000005	0.00000021	0.00000389	-0.00005649
0.00000006	-0.00000010	0.00000436	-0.00006424
0.00000005	-0.00000008	-0.00000236	-0.00005483
-0.00000010	-0.00000012	-0.00001019	-0.00005228
-0.00000007	0.00000002	-0.00000286	-0.00004797
0.00000000	0.00000007	0.00000657	-0.00005675
-0.00000007	-0.00000034	0.00000330	-0.00004776
-0.00000012	-0.00000014	0.00000634	-0.00004846
0.00000001	-0.00000011	-0.00000586	-0.00006497
0.00000021	0.00000001	0.00000301	-0.00004495
-0.00000014	0.00000012	0.00000152	-0.00006630
-0.00000016	0.00000026	0.00000371	-0.00006165
-0.00000007	-0.00000007	0.00001507	-0.00005286
-0.00000001	-0.00000017	-0.00000959	-0.00006093
0.00000010	0.00000006	-0.00000799	-0.00006583
-0.00000008	-0.00000018	0.00000255	-0.00005678
0.00000013	-0.00000011	0.00000123	-0.00004369
-0.00000013	-0.00000008	-0.00001012	-0.00005268
-0.00000007	0.00000003	0.00000351	-0.00004698
0.00000007	-0.00000018	-0.00000532	-0.00006999
0.00000004	-0.00000033	-0.00000410	-0.00004666
-0.00000010	0.00000004	0.00000315	-0.00004190
0.00000014	-0.00000014	0.00000203	-0.00005202
-0.00000004	0.00000050	0.00000409	-0.00004661
0.00000007	0.00000000	0.00000719	-0.00005277
-0.00000007	0.00000011	-0.00000195	-0.00005370
0.00000017	-0.00000020	-0.00000853	-0.00004470
-0.00000019	0.00000001	-0.00000391	-0.00005285
0.00000012	-0.00000032	0.00000698	-0.00005600
-0.00000043	0.00000025	-0.00000130	-0.00004164
-0.00000002	0.00000005	0.00000127	-0.00004886
0.00000018	0.00000035	0.00001190	-0.00004328
0.00000016	0.00000017	0.00000369	-0.00005946
0.00000015	0.00000027	0.00000313	-0.00004572
0.00000005	0.00000004	0.00000522	-0.00004989
-0.00000007	0.00000025	0.00000695	-0.00004414
-0.00000032	0.00000010	-0.00000223	-0.00005020
-0.00000007	0.00000001	0.00001045	-0.00004956
0.00000003	0.00000022	0.00000256	-0.00005900
0.00000004	0.00000045	0.00000724	-0.00003788
0.00000016	0.00000000	0.00000674	-0.00003569
-0.00000006	-0.00000001	0.00001162	-0.00003888
-0.00000009	0.00000008	0.00000499	-0.00004456
0.00000022	-0.00000003	0.00001295	-0.00004434
0.00000010	-0.00000016	0.00000905	-0.00003101
0.00000005	-0.00000031	0.00001817	-0.00003031
0.00000018	-0.00000010	0.00001372	-0.00003326
0.00000020	-0.00000012	0.00001113	-0.00003223
0.00000010	0.00000018	0.00000757	-0.00003449
-0.00000000	-0.00000010	0.00001444	-0.00003988
0.00000026	0.00000015	0.00001144	-0.00003984
-0.00000001	0.00000016	0.00000960	-0.00003295
-0.00000025	-0.00000012	0.00001497	-0.00003470
0.00000006	-0.00000003	0.00001091	-0.00003878
0.00000000	-0.00000020	0.00002224	-0.00005060
0.00000006	-0.00000012	0.00000178	-0.00004400
0.00000006	-0.00000016	0.00001940	-0.00005053
-0.00000003	-0.00000004	0.00003147	-0.00004885
-0.00000029	-0.00000011	0.00001351	-0.00005768
-0.00000009	-0.00000021	0.00000499	-0.00004362
0.00000024	0.00000006	0.00001225	-0.00004337
-0.00000015	0.00000008	0.00000915	-0.00005628
0.00000013	-0.00000003	0.00002297	-0.00004774
-0.00000002	0.00000007	0.00001414	-0.00005452
0.00000002	-0.00000013	-0.00000221	-0.00005104
0.00000010	0.00000011	0.00000074	-0.00003293
-0.00000012	0.00000028	0.00000684	-0.00004082
0.00000013	0.00000017	0.00000066	-0.00004554
-0.00000002	0.00000016	0.00001717	-0.00004140
-0.00000003	0.00000015	0.00001503	-0.00004753
0.00000019	-0.00000013	0.00001212	-0.00003465
-0.00000000	-0.00000015	-0.00000367	-0.00005515
0.00000014	-0.00000027	0.00001584	-0.00004040
0.00000031	0.00000006	0.00000661	-0.00003990
0.00000035	0.00000013	0.00000190	-0.00005073
-0.00000001	0.00000003	0.00000981	-0.00003435
0.00000006	-0.00000028	0.00002129	-0.00003660
0.00000002	0.00000001	0.00001299	-0.00003943
0.00000015	0.00000007	0.00001861	-0.00003883
0.00000002	-0.00000011	0.00002116	-0.00004173
-0.00000005	0.00000001	0.00000669	-0.00004171
-0.00000019	0.00000028	0.00001703	-0.00005155
0.00000009	-0.00000011	0.00001781	-0.00004436
0.00000012	-0.00000010	0.00001092	-0.00004371
-0.00000002	-0.00000021	0.00002820	-0.00005054
0.00000023	-0.00000012	0.00002162	-0.00004626
0.00000031	0.00000001	0.00002301	-0.00003563
-0.00000003	0.00000027	0.00000539	-0.00004473
0.00000018	0.00000018	0.00001577	-0.00004378
-0.00000010	-0.00000000	0.00001257	-0.00004410
0.00000030	0.00000001	0.00001584	-0.00004673
-0.00000018	-0.00000021	0.00000462	-0.00005781
-0.00000015	-0.00000006	0.00000929	-0.00004878
-0.00000012	-0.00000013	0.00000197	-0.00004422
-0.00000003	-0.00000006	0.00001820	-0.00005541
0.00000010	0.00000018	0.00001203	-0.00004153
0.00000005	-0.00000008	0.00001369	-0.00004061
-0.00000016	-0.00000011	0.00002838	-0.00004039
0.00000004	0.00000007	0.00001923	-0.00003435
-0.00000001	-0.00000009	0.00001445	-0.00003871
0.00000024	0.00000002	0.00000569	-0.00003019
-0.00000003	0.00000012	0.00001295	-0.00005176
-0.00000007	0.00000013	0.00001813	-0.00004894
0.00000022	0.00000031	0.00001174	-0.00003905
0.00000009	-0.00000011	0.00001448	-0.00004745
0.00000006	0.00000015	0.00000722	-0.00002798
-0.00000007	0.00000007	0.00001707	-0.00003460
-0.00000021	0.00000013	0.00002160	-0.00003232
-0.00000023	-0.00000000	0.00001643	-0.00004770
0.00000015	0.00000014	0.00000400	-0.00004480
0.00000018	-0.00000006	0.00001432	-0.00003673
0.00000003	0.00000004	0.00001831	-0.00004827
-0.00000002	-0.00000022	0.00001644	-0.00004904
-0.00000018	-0.00000001	0.00000980	-0.00003714
0.00000015	-0.00000007	0.00000550	-0.00004973
-0.00000002	-0.00000003	0.00002113	-0.00005316
-0.00000001	-0.00000025	0.00001350	-0.00004451
-0.00000008	-0.00000007	0.00000305	-0.00004366
0.00000025	0.00000022	0.00000466	-0.00004172
-0.00000022	-0.00000008	0.00001587	-0.00004624
0.00000010	-0.00000005	0.00001103	-0.00003667
-0.00000013	-0.00000008	0.00001993	-0.00003891
-0.00000001	0.00000002	0.00001696	-0.00003655
0.00000018	0.00000008	0.00002232	-0.00005567
-0.00000011	-0.00000019	0.00001836	-0.00002885
0.00000006	-0.00000020	0.00000179	-0.00003751
-0.00000010	-0.00000004	0.00000476	-0.00004933
-0.00000008	0.00000008	0.00000050	-0.00003489
0.00000015	-0.00000007	0.00001389	-0.00003607
0.00000037	0.00000014	0.00000211	-0.00003310
0.00000017	-0.00000017	0.00000780	-0.00005524
0.00000001	0.00000017	0.00001375	-0.00003887
0.00000007	0.00000009	0.00001318	-0.00003646
0.00000028	0.00000019	0.00001535	-0.00003585
0.00000002	-0.00000001	0.00000624	-0.00004225
0.00000012	0.00000006	0.00000712	-0.00004404
-0.00000033	-0.00000025	0.00002193	-0.00003837
-0.00000013	0.00000004	0.00000768	-0.00005221
0.00000007	0.00000003	0.00001101	-0.00003589
-0.00000026	-0.00000013	0.00001506	-0.00003881
0.00000004	0.00000010	-0.00000166	-0.00002656
-0.00000009	0.00000006	0.00000408	-0.00003418
0.00000020	0.00000009	0.00001519	-0.00003549
0.00000018	-0.00000008	0.00000767	-0.00003100
0.00000014	-0.00000012	0.00000603	-0.00003319
-0.00000006	0.00000032	0.00001691	-0.00002921
0.00000034	-0.00000031	-0.00000414	-0.00003594
0.00000012	-0.00000017	0.00000941	-0.00001990
-0.00000018	-0.00000005	0.00000956	-0.00003103
-0.00000000	-0.00000001	0.00000793	-0.00001793
-0.00000014	-0.00000006	0.00001959	-0.00002360
0.00000044	0.00000004	0.00001279	-0.00002317
-0.00000009	0.00000011	0.00001859	-0.00001428
0.00000006	-0.00000011	0.00001925	-0.00001549
-0.00000001	0.00000004	0.00002897	-0.00002831
0.00000018	0.00000029	0.00002516	-0.00000863
0.00000006	0.00000011	0.00002839	-0.00002092
0.00000001	0.00000011	0.00004679	-0.00002569
-0.00000018	0.00000011	0.00004594	-0.00002256
0.00000008	-0.00000005	0.00005517	-0.00004309
-0.00000007	-0.00000004	0.00004634	-0.00003314
0.00000027	-0.00000015	0.00004224	-0.00004777
-0.00000006	0.00000014	0.00004780	-0.00004786
-0.00000009	-0.00000024	0.00004949	-0.00006111
0.00000026	-0.00000015	0.00002150	-0.00005028
-0.00000010	-0.00000017	0.00004118	-0.00005628
0.00000009	-0.00000008	0.00002129	-0.00005225
0.00000014	-0.00000035	0.00002855	-0.00005489
-0.00000004	0.00000010	0.00001601	-0.00006535
0.00000022	-0.00000008	0.00001998	-0.00006665
0.00000004	0.00000012	0.00002665	-0.00006862
0.00000001	0.00000004	0.00002623	-0.00005939
0.00000030	-0.00000002	0.00001967	-0.00006559
-0.00000007	-0.00000033	0.00001625	-0.00004614
-0.00000026	-0.00000014	0.00001783	-0.00005133
0.00000001	0.00000004	0.00001000	-0.00004971
-0.00000010	0.00000004	0.00000758	-0.00004949
0.00000006	0.00000011	0.00001977	-0.00005696
-0.00000003	0.00000003	0.00001109	-0.00005781
-0.00000028	-0.00000011	0.00001438	-0.00004930
0.00000022	-0.00000025	0.00000246	-0.00005252
0.00000009	-0.00000011	0.00001968	-0.00004782
0.00000014	0.00000005	0.00001614	-0.00005350
0.00000015	-0.00000013	0.00002202	-0.00006612
-0.00000006	0.00000000	0.00002251	-0.00004938
-0.00000001	-0.00000031	0.00001388	-0.00004577
-0.00000001	-0.00000001	0.00002694	-0.00005363
0.00000014	-0.00000007	0.00000708	-0.00004242
0.00000021	-0.00000022	0.00001717	-0.00004398
0.00000016	0.00000004	0.00000514	-0.00005240
-0.00000011	0.00000020	0.00002015	-0.00004355
0.00000025	-0.00000001	0.00002265	-0.00003987
-0.00000008	0.00000020	0.00000177	-0.00004393
0.00000014	0.00000014	0.00001163	-0.00005398
0.00000017	-0.00000015	0.00002748	-0.00004041
0.00000020	0.00000017	0.00000736	-0.00005739
-0.00000000	0.00000010	0.00000681	-0.00004411
0.00000028	-0.00000023	0.00000637	-0.00004652
0.00000007	0.00000011	0.00001870	-0.00005047
-0.00000025	-0.00000029	-0.00000009	-0.00004314
0.00000007	0.00000013	0.00001754	-0.00005183
-0.00000018	0.00000029	0.00000370	-0.00004222
0.00000014	0.00000001	0.00001601	-0.00003542
-0.00000020	0.00000007	0.00000971	-0.00005623
-0.00000010	-0.00000021	0.00000658	-0.00004601
-0.00000006	-0.00000013	0.00000989	-0.00004889
-0.00000021	0.00000049	0.00001440	-0.00004640
0.00000012	-0.00000018	0.00001174	-0.00004808
-0.00000024	0.00000004	0.00001006	-0.00005894
-0.00000010	0.00000000	0.00000216	-0.00003856
-0.00000002	-0.00000012	0.00000410	-0.00004988
-0.00000002	0.00000000	0.00000683	-0.00006127
0.00000006	0.00000005	0.00000989	-0.00004475
-0.00000013	-0.00000007	0.00000291	-0.00004881
0.00000032	-0.00000020	0.00001366	-0.00005572
0.00000034	0.00000015	0.00000750	-0.00003920
-0.00000007	-0.00000003	0.00001481	-0.00003528
0.00000004	0.00000008	0.00000771	-0.00003954
-0.00000016	0.00000022	0.00001094	-0.00005285
-0.00000006	0.00000021	0.00000111	-0.00004530
-0.00000014	-0.00000012	0.00001691	-0.00004975
0.00000010	0.00000015	0.00000908	-0.00004433
0.00000001	-0.00000008	0.00001786	-0.00003491
0.00000009	-0.00000021	0.00000358	-0.00005545
0.00000016	0.00000015	-0.00000359	-0.00004054
0.00000004	0.00000000	0.00001795	-0.00005174
-0.00000001	0.00000002	0.00000577	-0.00005140
0.00000036	0.00000002	0.00000017	-0.00004836
-0.00000016	0.00000000	0.00001419	-0.00004468
-0.00000005	-0.00000014	0.00000553	-0.00004342
0.00000008	-0.00000022	0.00000594	-0.00004267
-0.00000024	0.00000010	0.00000647	-0.00004258
-0.00000010	0.00000003	0.00001843	-0.00003883
0.00000014	-0.00000013	0.00000832	-0.00003666
0.00000020	-0.00000005	0.00000418	-0.00004448
0.00000001	0.00000009	0.00000756	-0.00004688
0.00000004	-0.00000027	0.00001461	-0.00003669
-0.00000004	-0.00000011	0.00000981	-0.00004694
0.00000004	-0.00000015	0.00000083	-0.00004548
-0.00000008	-0.00000003	0.00001926	-0.00003882
0.00000012	-0.00000001	0.00001841	-0.00004155
0.00000005	0.00000003	0.00000030	-0.00004492
0.00000008	0.00000038	-0.00000984	-0.00004314
-0.00000000	-0.00000003	0.00000040	-0.00004839
0.00000005	-0.00000011	0.00001114	-0.00004809
-0.00000005	-0.00000004	-0.00000394	-0.00004544
-0.00000008	-0.00000020	-0.00000031	-0.00004809
-0.00000005	-0.00000010	0.00000422	-0.00003480
-0.00000003	-0.00000022	0.00000590	-0.00004814
0.00000032	0.00000015	0.00001285	-0.00003547
-0.00000008	0.00000022	0.00000567	-0.00003133
0.00000009	-0.00000006	0.00000986	-0.00003849
0.00000019	-0.00000001	0.00001059	-0.00003872
0.00000002	-0.00000004	0.00002292	-0.00004181
-0.00000020	0.00000012	0.00000456	-0.00003802
-0.00000001	-0.00000005	0.00001270	-0.00005376
-0.00000012	-0.00000001	0.00000195	-0.00004773
0.00000005	0.00000024	0.00000198	-0.00003832
0.00000001	0.00000024	0.00000573	-0.00004757
0.00000021	0.00000007	0.00000046	-0.00004104
0.00000029	0.00000020	0.00001616	-0.00002777
-0.00000038	-0.00000022	0.00000313	-0.00004466
-0.00000013	0.00000007	-0.00000629	-0.00004223
-0.00000013	-0.00000004	0.00000510	-0.00004267
0.00000004	-0.00000013	-0.00000474	-0.00005660
0.00000003	0.00000036	0.00001239	-0.00004305
-0.00000015	-0.00000009	-0.00000016	-0.00002784
0.00000009	0.00000030	0.00001499	-0.00003313
-0.00000013	-0.00000031	0.00000987	-0.00003428
0.00000005	-0.00000002	0.00000539	-0.00005281
0.00000001	0.00000020	-0.00001000	-0.00003165
-0.00000012	-0.00000001	0.00001098	-0.00002682
-0.00000015	0.00000016	-0.00000524	-0.00003948
0.00000009	0.00000023	0.00000735	-0.00002990
0.00000021	0.00000008	0.00001711	-0.00003974
0.00000033	-0.00000002	0.00000486	-0.00003590
0.00000027	0.00000019	-0.00000837	-0.00003242
-0.00000022	0.00000016	0.00000420	-0.00004317
-0.00000009	-0.00000014	0.00000605	-0.00004082
0.00000009	-0.00000003	0.00000298	-0.00004068
0.00000002	-0.00000017	0.00000578	-0.00002285
0.00000028	-0.00000000	0.00000701	-0.00005237
0.00000009	-0.00000018	0.00001059	-0.00003287
-0.00000011	-0.00000000	-0.00000055	-0.00004387
-0.00000014	-0.00000011	0.00000588	-0.00003968
0.00000011	-0.00000010	-0.00000246	-0.00003389
0.00000023	-0.00000013	0.00000095	-0.00004717
-0.00000027	-0.00000016	-0.00000430	-0.00002912
-0.00000007	-0.00000008	0.00000227	-0.00003073
-0.00000000	-0.00000006	-0.00000277	-0.00002940
-0.00000018	-0.00000016	0.00000352	-0.00003828
0.00000011	-0.00000002	0.00000707	-0.00002915
-0.00000028	-0.00000029	0.00000614	-0.00004037
-0.00000014	-0.00000016	0.00000812	-0.00002613
0.00000021	0.00000015	-0.00000455	-0.00003931
-0.00000007	-0.00000002	0.00001315	-0.00002977
0.00000013	-0.00000026	0.00000650	-0.00003651
-0.00000010	-0.00000010	0.00001004	-0.00003288
-0.00000004	0.00000005	0.00000816	-0.00003003
-0.00000005	-0.00000001	0.00000799	-0.00003452
-0.00000000	0.00000009	0.00000317	-0.00003738
0.00000006	-0.00000010	-0.00000769	-0.00003851
-0.00000007	-0.00000012	0.00001108	-0.00004203
0.00000011	0.00000035	0.00000705	-0.00003324
-0.00000006	0.00000020	0.00000109	-0.00003101
0.00000003	0.00000001	0.00000862	-0.00003198
-0.00000009	0.00000007	0.00000587	-0.00003083
-0.00000017	0.00000006	0.00000993	-0.00002552
-0.00000015	0.00000000	0.00000381	-0.00002984
0.00000023	-0.00000002	-0.00000668	-0.00002052
0.00000006	-0.00000017	0.00001081	-0.00003934
-0.00000005	0.00000010	0.00001255	-0.00002296
-0.00000013	0.00000010	0.00001409	-0.00002969
0.00000019	0.00000001	0.00001602	-0.00003756
-0.00000011	0.00000004	0.00001091	-0.00004374
-0.00000006	-0.00000001	0.00000463	-0.00004449
0.00000025	-0.00000000	0.00002523	-0.00002460
-0.00000000	0.00000002	0.00000680	-0.00003911
0.00000029	-0.00000010	0.00000432	-0.00003291
-0.00000013	0.00000022	0.00001108	-0.00002575
-0.00000009	-0.00000004	0.00001171	-0.00002644
0.00000023	0.00000015	0.00000663	-0.00002372
-0.00000009	-0.00000009	0.00000583	-0.00002996
0.00000002	0.00000037	0.00000226	-0.00002995
-0.00000002	-0.00000015	0.00000812	-0.00003445
-0.00000010	-0.00000000	0.00001016	-0.00002937
0.00000002	0.00000010	0.00000944	-0.00002311
-0.00000028	-0.00000012	0.00000679	-0.00003922
-0.00000012	0.00000012	0.00001760	-0.00003034
-0.00000009	-0.00000019	-0.00000814	-0.00003032
0.00000006	0.00000004	-0.00000255	-0.00002923
0.00000015	-0.00000021	0.00000656	-0.00003551
0.00000017	0.00000006	0.00000746	-0.00002977
-0.00000003	0.00000009	0.00001400	-0.00003920
-0.00000003	0.00000019	0.00001298	-0.00002959
-0.00000025	0.00000006	0.00001534	-0.00003312
-0.00000004	-0.00000025	0.00000444	-0.00003486
-0.00000002	-0.00000017	-0.00000081	-0.00002867
0.00000002	-0.00000004	0.00001166	-0.00003331
-0.00000000	0.00000016	0.00000739	-0.00002981
-0.00000010	-0.00000010	0.00000735	-0.00003221
0.00000000	-0.00000007	-0.00000519	-0.00003011
0.00000014	-0.00000009	0.00001381	-0.00002702
-0.00000003	-0.00000031	0.00000432	-0.00002991
-0.00000000	-0.00000023	0.00000760	-0.00003763
0.00000002	0.00000005	0.00000647	-0.00004257
-0.00000009	0.00000016	0.00001040	-0.00004036
0.00000018	-0.00000005	0.00001194	-0.00003238
-0.00000001	0.00000005	0.00001290	-0.00002471
-0.00000012	0.00000007	0.00001179	-0.00003959
-0.00000013	-0.00000012	-0.00000501	-0.00002563
0.00000023	-0.00000023	-0.00000342	-0.00001893
-0.00000012	0.00000007	0.00001586	-0.00003263
0.00000004	-0.00000020	0.00000676	-0.00002746
-0.00000015	0.00000014	0.00000255	-0.00003093
-0.00000007	-0.00000013	0.00000573	-0.00003335
0.00000032	-0.00000002	0.00000615	-0.00003251
0.00000006	-0.00000017	0.00000776	-0.00003137
0.00000011	-0.00000007	0.00000507	-0.00002765
0.00000002	-0.00000008	0.00000658	-0.00001675
0.00000019	-0.00000008	0.00001804	-0.00002989
-0.00000004	-0.00000003	-0.00000811	-0.00002122
-0.00000026	0.00000006	0.00000188	-0.00002060
0.00000023	-0.00000018	0.00000486	-0.00004092
-0.00000002	0.00000005	0.00000171	-0.00003115
-0.00000008	0.00000013	0.00000304	-0.00002671
0.00000008	-0.00000003	-0.00000341	-0.00001747
-0.00000004	-0.00000011	-0.00000555	-0.00002640
0.00000016	-0.00000001	0.00000066	-0.00002918
0.00000005	0.00000018	0.00000605	-0.00002310
-0.00000034	0.00000008	0.00000458	-0.00002249
-0.00000010	-0.00000009	0.00001241	-0.00004023
-0.00000003	-0.00000020	0.00001389	-0.00003422
0.00000004	-0.00000012	0.00001363	-0.00002052
0.00000010	0.00000008	0.00000478	-0.00002702
-0.00000003	-0.00000005	0.00000443	-0.00003762
-0.00000014	0.00000013	0.00001275	-0.00002635
-0.00000014	0.00000019	0.00000477	-0.00003449
0.00000019	-0.00000026	0.00000339	-0.00002155
0.00000007	0.00000018	0.00000818	-0.00003552
-0.00000028	-0.00000006	0.00001301	-0.00001948
0.00000014	-0.00000015	0.00000452	-0.00003588
0.00000010	-0.00000021	0.00001538	-0.00002638
-0.00000025	0.00000007	0.00001656	-0.00001517
-0.00000021	-0.00000020	0.00001120	-0.00002267
-0.00000020	0.00000002	0.00000585	-0.00002620
-0.00000035	-0.00000000	0.00001265	-0.00001751
0.00000016	-0.00000027	0.00000323	-0.00003428
0.00000011	-0.00000001	0.00001105	-0.00002823
-0.00000018	-0.00000011	0.00000584	-0.00002519
-0.00000000	-0.00000007	0.00000117	-0.00001905
-0.00000009	0.00000015	0.00000293	-0.00002948
-0.00000007	-0.00000005	0.00000318	-0.00003170
-0.00000027	0.00000009	0.00001129	-0.00002390
-0.00000002	-0.00000018	0.00001398	-0.00003402
-0.00000013	-0.00000018	0.00000520	-0.00004175
-0.00000000	-0.00000027	0.00000979	-0.00002172
-0.00000013	-0.00000029	0.00000526	-0.00002425
0.00000001	-0.00000014	-0.00000161	-0.00001642
-0.00000020	-0.00000005	0.00001049	-0.00002280
0.00000000	0.00000020	0.00000971	-0.00002414
0.00000010	-0.00000003	0.00000397	-0.00003959
0.00000025	-0.00000026	0.00001069	-0.00003035
0.00000017	-0.00000000	0.00001199	-0.00003561
-0.00000004	0.00000020	-0.00000252	-0.00002956
-0.00000007	-0.00000002	0.00001621	-0.00003841
-0.00000001	-0.00000005	0.00000126	-0.00002561
0.00000010	0.00000027	0.00000998	-0.00003180
0.00000000	0.00000006	0.00001768	-0.00003709
0.00000017	-0.00000021	0.00001705	-0.00003391
-0.00000040	0.00000002	0.00001624	-0.00004816
0.00000001	-0.00000021	-0.00000014	-0.00002794
-0.00000003	0.00000004	0.00001478	-0.00003298
-0.00000018	0.00000019	-0.00000621	-0.00001788
-0.00000012	0.00000012	0.00001588	-0.00003162
0.00000010	0.00000001	-0.00000207	-0.00003456
0.00000006	0.00000028	0.00000837	-0.00003095
-0.00000017	-0.00000009	0.00000484	-0.00002868
0.00000008	0.00000007	0.00000648	-0.00001995
-0.00000018	-0.00000022	0.00000786	-0.00002695
-0.00000018	0.00000017	0.00000414	-0.00002838
0.00000004	0.00000016	-0.00000094	-0.00003278
0.00000009	0.00000010	0.00001706	-0.00002750
-0.00000002	0.00000004	0.00000592	-0.00002252
0.00000018	-0.00000020	0.00001209	-0.00003405
-0.00000009	0.00000016	0.00000441	-0.00002750
-0.00000020	0.00000014	0.00000220	-0.00002569
-0.00000004	0.00000007	-0.00000229	-0.00001984
0.00000005	0.00000009	0.00000726	-0.00002513
0.00000002	-0.00000015	0.00001497	-0.00002157
0.00000024	-0.00000005	0.00001176	-0.00003591
-0.00000010	0.00000002	0.00001663	-0.00003407
-0.00000001	-0.00000007	0.00000052	-0.00002629
0.00000039	-0.00000013	0.00001189	-0.00002409
0.00000020	-0.00000002	0.00000913	-0.00003239
0.00000007	0.00000006	0.00000893	-0.00003137
0.00000001	0.00000006	-0.00000164	-0.00000798
0.00000002	0.00000002	-0.00000078	-0.00002278
0.00000007	0.00000015	0.00000000	-0.00002436
-0.00000005	0.00000008	0.00001039	-0.00003303
0.00000001	-0.00000009	0.00000835	-0.00002317
-0.00000001	0.00000010	0.00000799	-0.00003038
-0.00000008	-0.00000016	0.00000714	-0.00003741
0.00000005	-0.00000007	0.00000539	-0.00001613
0.00000011	0.00000010	0.00000904	-0.00002075
0.00000023	0.00000031	0.00000289	-0.00003181
0.00000006	-0.00000009	0.00001367	-0.00001033
-0.00000007	0.00000007	0.00001515	-0.00003125
-0.00000005	0.00000014	0.00001964	-0.00003332
0.00000011	0.00000004	0.00001304	-0.00001651
-0.00000004	-0.00000004	0.00001098	-0.00002639
-0.00000010	-0.00000006	0.00001238	-0.00002970
-0.00000026	-0.00000008	0.00000463	-0.00001911
0.00000002	0.00000011	0.00000292	-0.00002867
0.00000003	-0.00000016	0.00000629	-0.00002505
-0.00000026	-0.00000004	0.00000568	-0.00002057
-0.00000005	0.00000017	0.00001073	-0.00003106
-0.00000003	0.00000003	0.00000024	-0.00002351
0.00000009	-0.00000004	0.00000215	-0.00002835
-0.00000008	-0.00000001	-0.00000141	-0.00002808
0.00000019	0.00000003	0.00001318	-0.00003643
0.00000002	0.00000026	0.00000607	-0.00002358
-0.00000014	-0.00000005	0.00000222	-0.00002768
0.00000015	-0.00000012	0.00000909	-0.00003600
-0.00000018	-0.00000011	0.00001145	-0.00002507
-0.00000009	-0.00000011	-0.00000454	-0.00002247
-0.00000018	-0.00000000	0.00000075	-0.00002618
0.00000003	0.00000008	0.00000675	-0.00001324
-0.00000006	0.00000003	0.00000943	-0.00002238
0.00000028	-0.00000030	0.00000535	-0.00002429
-0.00000023	-0.00000016	0.00000715	-0.00002176
0.00000003	-0.00000010	0.00000421	-0.00002336
0.00000016	-0.00000018	-0.00000379	-0.00002407
0.00000015	-0.00000004	0.00000872	-0.00003126
-0.00000020	0.00000001	0.00001319	-0.00003596
0.00000002	-0.00000012	-0.00000598	-0.00000886
-0.00000028	-0.00000007	0.00001749	-0.00002558
-0.00000023	-0.00000010	-0.00000211	-0.00002494
0.00000006	0.00000012	0.00000024	-0.00002706
0.00000005	-0.00000002	-0.00000158	-0.00002692
-0.00000029	-0.00000010	0.00002092	-0.00001417
0.00000000	0.00000004	0.00000699	-0.00002912
-0.00000014	0.00000006	-0.00000868	-0.00003313
0.00000012	0.00000003	0.00000981	-0.00000376
0.00000018	0.00000005	0.00002196	-0.00002546
0.00000001	-0.00000017	0.00000334	-0.00002576
0.00000004	-0.00000015	0.00000533	-0.00003039
-0.00000009	-0.00000014	0.00001019	-0.00000260
-0.00000002	0.00000004	0.00000364	-0.00002542
-0.00000018	0.00000008	0.00000688	-0.00002282
0.00000011	0.00000016	0.00000523	-0.00000923
-0.00000019	-0.00000031	0.00000088	-0.00001465
-0.00000006	-0.00000012	0.00000601	-0.00001150
-0.00000011	-0.00000017	0.00000413	-0.00003328
-0.00000021	0.00000001	0.00001350	-0.00001807
0.00000004	0.00000013	0.00000488	-0.00001760
0.00000001	-0.00000009	0.00000304	-0.00001615
-0.00000005	-0.00000018	-0.00000331	-0.00002395
-0.00000003	0.00000003	0.00001232	-0.00002443
-0.00000020	-0.00000006	0.00000849	-0.00001376
-0.00000023	0.00000004	0.00000530	-0.00001111
-0.00000019	0.00000017	0.00000431	-0.00003192
0.00000003	0.00000008	0.00000599	-0.00001800
-0.00000025	-0.00000025	0.00001000	-0.00002571
-0.00000018	-0.00000013	0.00000131	-0.00001647
-0.00000004	0.00000001	0.00000828	-0.00002720
-0.00000000	0.00000011	0.00001444	-0.00001825
-0.00000001	0.00000002	0.00001854	-0.00002549
0.00000006	0.00000023	0.00000511	-0.00001841
-0.00000013	0.00000015	0.00001090	-0.00001155
-0.00000011	0.00000027	-0.00000498	-0.00002489
-0.00000031	-0.00000001	0.00001195	-0.00002603
0.00000024	0.00000012	0.00001129	-0.00001728
0.00000006	-0.00000005	-0.00000738	-0.00001037
-0.00000009	-0.00000011	0.00000842	-0.00001771
0.00000008	0.00000007	0.00000468	-0.00002820
-0.00000022	0.00000004	0.00001979	-0.00001711
-0.00000005	0.00000029	-0.00000308	-0.00001620
-0.00000002	-0.00000005	-0.00000379	-0.00002440
-0.00000015	0.00000014	0.00001480	-0.00002536
0.00000008	0.00000030	0.00000045	-0.00001498
-0.00000004	0.00000007	0.00001549	-0.00001260
-0.00000005	0.00000008	0.00000415	-0.00001033
0.00000028	-0.00000033	0.00000101	-0.00001474
-0.00000006	0.00000007	0.00000981	-0.00002092
-0.00000006	0.00000008	0.00000526	-0.00003219
0.00000006	0.00000023	0.00000732	-0.00002563
0.00000019	0.00000001	0.00000965	-0.00002490
0.00000013	-0.00000005	0.00001475	-0.00003213
0.00000011	-0.00000007	0.00000825	-0.00002643
-0.00000003	-0.00000008	0.00001464	-0.00002306
0.00000026	-0.00000012	0.00001231	-0.00002224
-0.00000004	0.00000003	0.00000530	-0.00000889
-0.00000011	0.00000011	0.00000655	-0.00002746
0.00000020	-0.00000006	0.00001033	-0.00001215
-0.00000010	-0.00000009	0.00000930	-0.00002130
0.00000036	0.00000017	0.00000426	-0.00001867
-0.00000009	0.00000015	0.00002050	-0.00001966
0.00000004	0.00000035	0.00000307	-0.00001273
-0.00000008	-0.00000028	0.00000230	-0.00002215
0.00000009	0.00000012	-0.00000036	-0.00001527
0.00000005	-0.00000010	0.00000043	-0.00001755
-0.00000010	-0.00000008	-0.00000139	-0.00001815
0.00000008	-0.00000012	0.00000489	-0.00001724
0.00000004	-0.00000002	0.00000728	-0.00001973
-0.00000015	-0.00000007	0.00001122	-0.00002003
0.00000015	-0.00000010	-0.00000423	-0.00002907
0.00000032	0.00000018	0.00001647	-0.00001719
-0.00000006	0.00000000	0.00000338	-0.00002114
-0.00000000	-0.00000026	-0.00000751	-0.00001369
-0.00000036	-0.00000010	0.00001662	-0.00001403
0.00000012	0.00000025	0.00000518	-0.00001061
-0.00000005	-0.00000005	0.00001395	-0.00002240
0.00000012	-0.00000002	0.00001076	-0.00001860
-0.00000002	-0.00000010	0.00000436	-0.00001051
-0.00000000	0.00000011	0.00000900	-0.00002774
-0.00000007	0.00000011	0.00000475	-0.00002183
-0.00000018	0.00000028	0.00000407	-0.00002223
-0.00000033	-0.00000002	0.00001278	-0.00001846
-0.00000031	-0.00000001	0.00001057	-0.00000315
0.00000012	-0.00000004	-0.00000256	-0.00001624
0.00000017	0.00000003	-0.00000729	-0.00001749
-0.00000009	-0.00000009	0.00000750	-0.00002911
-0.00000017	0.00000021	0.00000054	-0.00001119
-0.00000010	0.00000014	-0.00000014	-0.00001485
-0.00000007	0.00000003	0.00000243	-0.00001120
0.00000005	0.00000002	0.00000857	-0.00001218
-0.00000004	-0.00000019	0.00001354	-0.00002183
0.00000021	-0.00000010	0.00000720	-0.00001602
0.00000001	0.00000003	0.00000224	-0.00001001
-0.00000000	-0.00000013	0.00001011	-0.00001486
-0.00000011	-0.00000009	0.00000697	-0.00002384
-0.00000001	-0.00000014	0.00000226	-0.00002390
-0.00000003	-0.00000005	-0.00000156	-0.00002097
-0.00000023	-0.00000004	0.00001583	-0.00003156
-0.00000010	-0.00000005	0.00000054	-0.00002183
-0.00000019	0.00000018	0.00000575	-0.00002488
-0.00000003	-0.00000018	0.00000300	-0.00003017
-0.00000031	-0.00000004	-0.00000759	-0.00001463
-0.00000006	0.00000001	0.00000311	-0.00001935
0.00000021	0.00000004	0.00000051	-0.00003191
-0.00000017	-0.00000009	0.00000058	-0.00000514
-0.00000016	0.00000009	0.00000013	-0.00001789
-0.00000008	-0.00000019	0.00001077	-0.00002934
0.00000007	0.00000011	0.00000330	-0.00000181
-0.00000008	-0.00000019	0.00001625	-0.00002547
0.00000003	0.00000014	0.00000034	-0.00002213
0.00000000	0.00000021	0.00000951	-0.00001897
-0.00000000	-0.00000032	-0.00000142	-0.00002467
0.00000004	-0.00000040	0.00000352	-0.00001613
0.00000001	-0.00000022	-0.00000668	-0.00001262
-0.00000024	0.00000004	0.00000087	-0.00001195
0.00000005	-0.00000022	0.00001495	-0.00002719
0.00000002	-0.00000031	0.00000754	-0.00000886
0.00000018	-0.00000011	0.00000601	-0.00002274
0.00000020	-0.00000003	0.00000900	-0.00001590
0.00000004	0.00000003	0.00001038	-0.00001424
0.00000041	-0.00000018	0.00001026	-0.00001836
0.00000013	0.00000005	0.00000167	-0.00002323
-0.00000009	0.00000007	0.00001229	-0.00000893
-0.00000006	0.00000005	-0.00000216	-0.00002357
0.00000004	0.00000014	0.00000114	-0.00002950
0.00000020	0.00000019	0.00000457	-0.00000929
-0.00000020	-0.00000010	0.00000150	-0.00001362
0.00000009	0.00000011	0.00000122	-0.00001345
0.00000009	-0.00000016	0.00000116	-0.00002431
-0.00000030	-0.00000015	0.00001021	-0.00001106
-0.00000015	0.00000001	0.00000220	-0.00001088
-0.00000009	0.00000029	0.00000088	-0.00001620
0.00000026	-0.00000011	-0.00000134	-0.00002243
-0.00000003	-0.00000009	0.00001731	-0.00002034
0.00000001	0.00000006	0.00000660	-0.00001115
0.00000000	-0.00000003	0.00000163	-0.00001529
-0.00000012	-0.00000004	0.00000569	-0.00001421
-0.00000006	0.00000033	-0.00000151	-0.00001523
0.00000009	-0.00000009	-0.00000175	-0.00000648
-0.00000009	0.00000004	0.00000744	-0.00002514
0.00000018	0.00000008	0.00001127	-0.00001340
-0.00000015	0.00000022	0.00000489	-0.00002816
-0.00000009	0.00000031	0.00000333	-0.00001971
-0.00000002	-0.00000023	0.00000254	-0.00000589
-0.00000028	-0.00000005	0.00001228	-0.00001827
0.00000011	0.00000012	0.00001279	-0.00002212
0.00000004	0.00000005	0.00001176	-0.00002612
-0.00000005	0.00000004	0.00000543	-0.00001568
-0.00000003	0.00000014	-0.00000252	-0.00001260
-0.00000022	0.00000004	0.00000698	-0.00001017
-0.00000017	0.00000016	0.00001396	-0.00002018
-0.00000005	0.00000020	-0.00000458	-0.00002421
-0.00000002	0.00000008	-0.00000285	-0.00002522
-0.00000035	0.00000016	0.00000580	-0.00001714
0.00000004	0.00000024	0.00000309	-0.00001125
0.00000008	0.00000028	-0.00000241	-0.00001901
-0.00000001	0.00000008	0.00000591	-0.00001757
-0.00000012	0.00000015	0.00000965	-0.00000531
0.00000008	0.00000010	0.00000409	-0.00002162
-0.00000016	-0.00000025	0.00000513	-0.00001122
0.00000024	-0.00000010	0.00000975	-0.00000861
-0.00000012	0.00000002	0.00000175	-0.00002400
0.00000006	0.00000013	0.00001114	-0.00002242
0.00000005	0.00000011	0.00000583	-0.00000972
-0.00000008	0.00000011	0.00000352	-0.00001739
-0.00000014	0.00000001	0.00000022	-0.00002174
-0.00000012	0.00000016	0.00000389	-0.00001130
-0.00000038	-0.00000004	0.00001724	-0.00001074
-0.00000009	0.00000005	0.00000462	-0.00002179
-0.00000004	0.00000004	-0.00000125	-0.00000606
0.00000010	-0.00000020	0.00001422	-0.00002420
-0.00000005	0.00000005	0.00002052	-0.00001731
0.00000021	0.00000030	-0.00000723	-0.00001991
-0.00000030	-0.00000013	0.00001087	-0.00001145
0.00000008	-0.00000007	0.00000224	-0.00002058
0.00000016	-0.00000001	0.00000522	-0.00002636
0.00000016	-0.00000010	-0.00000678	-0.00001261
-0.00000001	-0.00000000	0.00000288	-0.00002255
0.00000001	-0.00000008	0.00000307	-0.00001935
-0.00000006	0.00000002	-0.00000597	-0.00001744
0.00000020	0.00000007	0.00000671	-0.00001829
-0.00000035	-0.00000014	0.00000508	-0.00001510
0.00000012	0.00000002	0.00001180	-0.00001608
0.00000001	-0.00000036	0.00001486	-0.00001734
0.00000015	-0.00000006	0.00000537	-0.00000641
-0.00000010	-0.00000020	-0.00000022	-0.00002545
0.00000001	-0.00000003	0.00001192	-0.00001429
-0.00000014	0.00000010	0.00000934	0.00000094
0.00000012	-0.00000002	-0.00000290	-0.00001054
0.00000016	0.00000004	0.00001297	-0.00001908
-0.00000020	-0.00000001	-0.00000372	-0.00001531
-0.00000018	-0.00000017	0.00000082	-0.00000599
-0.00000020	0.00000006	-0.00000433	-0.00000807
-0.00000021	0.00000010	0.00000238	-0.00002322
-0.00000007	0.00000004	0.00000007	-0.00000679
-0.00000003	-0.00000002	-0.00000400	-0.00001666
0.00000024	0.00000027	0.00000768	-0.00002762
-0.00000003	0.00000013	0.00000529	-0.00000695
-0.00000002	0.00000003	0.00000426	-0.00001541
0.00000011	-0.00000014	0.00000417	-0.00001814
0.00000003	-0.00000032	0.00000124	-0.00001169
0.00000012	-0.00000003	-0.00000032	-0.00001782
0.00000000	0.00000022	-0.00000258	-0.00002579
0.00000016	0.00000025	0.00001157	-0.00002367
0.00000019	-0.00000019	0.00000587	0.00000410
0.00000015	-0.00000007	0.00001037	-0.00001536
-0.00000012	0.00000017	0.00001201	-0.00000846
0.00000015	-0.00000015	0.00000754	-0.00001034
0.00000003	-0.00000014	0.00001335	-0.00000931
0.00000002	0.00000008	0.00000724	0.00000010
0.00000007	0.00000008	0.00000814	-0.00001314
0.00000020	-0.00000017	0.00001055	-0.00001665
0.00000008	-0.00000021	0.00000194	0.00000260
0.00000020	-0.00000030	0.00000192	-0.00001279
-0.00000024	-0.00000009	0.00000818	-0.00002030
-0.00000018	-0.00000006	0.00001444	-0.00001202
0.00000005	-0.00000001	0.00001627	-0.00001430
-0.00000016	-0.00000005	-0.00000093	-0.00002342
0.00000018	0.00000012	0.00001197	-0.00000691
0.00000006	-0.00000030	0.00000427	-0.00001643
0.00000004	0.00000004	0.00000282	-0.00000753
-0.00000020	0.00000042	0.00001412	-0.00000829
-0.00000018	0.00000001	-0.00000309	-0.00002028
0.00000006	0.00000007	-0.00000083	-0.00001525
0.00000003	-0.00000002	0.00001010	-0.00001036
0.00000007	-0.00000000	0.00000185	-0.00001884
0.00000034	-0.00000024	-0.00000044	-0.00001200
-0.00000013	-0.00000016	0.00000551	-0.00001088
0.00000025	0.00000037	0.00000887	-0.00000850
-0.00000018	-0.00000002	0.00000419	-0.00000075
-0.00000017	-0.00000000	0.00001576	-0.00001945
0.00000016	-0.00000006	-0.00000098	-0.00002369
0.00000015	0.00000005	0.00000803	-0.00000367
0.00000001	0.00000001	-0.00000040	-0.00001839
0.00000010	0.00000001	0.00000756	-0.00001814
-0.00000001	0.00000007	-0.00000861	-0.00000230
0.00000015	-0.00000018	0.00000625	-0.00001873
-0.00000030	-0.00000018	0.00000126	-0.00001412
-0.00000007	0.00000031	0.00000796	-0.00001351
0.00000005	0.00000005	-0.00000162	-0.00001151
-0.00000002	0.00000001	-0.00000736	0.00000102
0.00000014	-0.00000006	-0.00000238	-0.00000728
-0.00000001	-0.00000005	0.00001507	-0.00001602
-0.00000012	-0.00000028	0.00000942	-0.00000969
0.00000005	0.00000010	-0.00000569	-0.00001252
0.00000002	0.00000017	0.00001353	-0.00001175
0.00000020	0.00000000	0.00000914	-0.00001724
-0.00000010	-0.00000015	-0.00000336	-0.00000210
-0.00000016	-0.00000002	-0.00000170	-0.00001860
-0.00000005	0.00000006	0.00000742	-0.00001431
-0.00000008	0.00000003	-0.00000755	-0.00001050
-0.00000023	0.00000007	0.00000740	-0.00000604
-0.00000022	0.00000016	0.00000628	-0.00001296
0.00000014	0.00000022	0.00000669	-0.00001041
-0.00000001	-0.00000012	-0.00000022	-0.00002197
0.00000001	-0.00000003	0.00000904	-0.00001776
0.00000021	0.00000009	-0.00000308	-0.00002406
0.00000005	0.00000010	0.00000026	-0.00000975
0.00000013	0.00000024	0.00001191	-0.00002419
-0.00000001	-0.00000029	-0.00000168	-0.00000329
-0.00000030	-0.00000022	0.00000701	0.00000057
0.00000012	0.00000016	-0.00000123	-0.00000324
-0.00000015	0.00000028	0.00001240	-0.00001361
-0.00000000	0.00000002	0.00000220	-0.00001015
0.00000009	-0.00000013	0.00000048	-0.00002073
-0.00000011	-0.00000014	0.00000383	-0.00001198
0.00000003	-0.00000006	-0.00000242	-0.00001034
0.00000018	-0.00000011	0.00000276	-0.00000899
0.00000004	-0.00000009	0.00000738	-0.00001966
-0.00000005	0.00000003	0.00001057	-0.00000224
0.00000023	-0.00000019	-0.00000034	-0.00000602
0.00000023	0.00000008	-0.00000140	-0.00001308
-0.00000019	0.00000005	0.00000404	-0.00000923
0.00000034	0.00000007	0.00000828	-0.00001817
0.00000036	-0.00000026	-0.00000027	-0.00000802
0.00000014	-0.00000008	0.00000386	-0.00000934
0.00000006	0.00000023	0.00000428	-0.00000541
0.00000009	0.00000009	-0.00000038	0.00000007
0.00000009	-0.00000001	-0.00000383	-0.00001383
-0.00000021	0.00000003	0.00000979	-0.00001201
-0.00000026	-0.00000020	0.00000695	-0.00001412
0.00000017	-0.00000006	-0.00000177	0.00000770
0.00000003	-0.00000020	-0.00000170	-0.00002049
0.00000014	-0.00000019	0.00001704	0.00000055
-0.00000015	-0.00000012	0.00000208	-0.00000823
0.00000005	0.00000014	0.00000609	0.00000198
0.00000004	0.00000007	0.00000033	-0.00001679
-0.00000007	-0.00000016	-0.00000116	-0.00001692
-0.00000022	0.00000006	0.00001168	-0.00000101
-0.00000022	-0.00000006	0.00000877	-0.00001437
0.00000004	-0.00000044	-0.00000376	-0.00001385
-0.00000011	0.00000007	-0.00000511	-0.00000762
-0.00000024	0.00000001	0.00000889	0.00000534
-0.00000005	0.00000000	0.00000427	-0.00000882
0.00000010	0.00000006	0.00000155	-0.00000884
-0.00000004	-0.00000020	-0.00000708	0.00000057
0.00000013	-0.00000005	0.00001407	-0.00000872
0.00000014	-0.00000008	0.00000637	-0.00001268
0.00000006	-0.00000020	-0.00000716	0.00000365
-0.00000013	-0.00000001	0.00000947	-0.00001844
0.00000009	-0.00000004	0.00000566	-0.00001067
-0.00000027	-0.00000011	-0.00000558	-0.00003045
0.00000007	-0.00000006	-0.00000481	-0.00001466
0.00000011	0.00000014	0.00001078	-0.00000774
-0.00000004	0.00000000	-0.00000404	-0.00000899
0.00000006	-0.00000003	0.00000097	-0.00000440
0.00000009	0.00000019	-0.00000390	-0.00000826
-0.00000022	-0.00000020	0.00000569	-0.00000861
-0.00000009	0.00000002	0.00000315	-0.00000251
-0.00000008	0.00000002	0.00000958	-0.00001924
0.00000006	-0.00000006	0.00000860	-0.00001488
-0.00000005	-0.00000015	-0.00000150	-0.00000887
0.00000014	-0.00000030	-0.00001049	-0.00000398
0.00000009	-0.00000020	-0.00000442	-0.00001680
0.00000022	-0.00000021	0.00000567	-0.00000933
-0.00000011	-0.00000006	0.00000017	-0.00001714
-0.00000010	0.00000002	-0.00000582	-0.00000547
0.00000009	0.00000005	0.00000381	0.00000478
-0.00000000	0.00000043	-0.00000046	-0.00000258
0.00000015	-0.00000009	0.00001397	-0.00001924
0.00000002	-0.00000026	0.00000394	0.00000875
0.00000011	0.00000013	0.00000072	-0.00001155
0.00000009	0.00000010	-0.00000214	-0.00000711
-0.00000005	-0.00000007	0.00000704	-0.00001161
-0.00000013	-0.00000025	-0.00000038	-0.00000680
0.00000004	0.00000002	-0.00000493	-0.00000210
-0.00000017	0.00000017	0.00000683	-0.00000741
0.00000005	-0.00000000	-0.00000276	0.00000239
0.00000014	-0.00000013	0.00000679	-0.00000213
-0.00000022	-0.00000004	0.00000965	0.00000370
-0.00000003	0.00000009	-0.00000172	-0.00000106
0.00000011	-0.00000017	0.00000455	-0.00000851
0.00000031	-0.00000007	0.00000160	-0.00000825
0.00000012	-0.00000009	-0.00000541	-0.00000453
0.00000010	0.00000008	0.00001249	-0.00000943
-0.00000004	-0.00000019	0.00000393	-0.00000615
0.00000007	-0.00000001	-0.00000606	-0.00001714
0.00000008	0.00000010	-0.00000195	-0.00000892
0.00000028	-0.00000000	-0.00000881	-0.00002392
-0.00000026	-0.00000020	-0.00000570	-0.00000395
-0.00000011	0.00000003	0.00000280	-0.00001233
-0.00000017	-0.00000025	0.00000353	-0.00000128
0.00000011	-0.00000011	-0.00000331	-0.00001387
-0.00000007	-0.00000025	-0.00001298	-0.00000035
0.00000016	-0.00000007	0.00000590	-0.00000290
0.00000001	0.00000002	-0.00000638	-0.00001786
-0.00000013	-0.00000013	-0.00000631	-0.00001569
-0.00000004	0.00000023	0.00000316	0.00000527
-0.00000011	0.00000019	0.00000099	-0.00001687
0.00000001	-0.00000010	-0.00001076	-0.00000334
0.00000005	0.00000002	0.00000260	-0.00001160
0.00000005	-0.00000010	-0.00000274	-0.00001766
-0.00000028	-0.00000019	0.00000226	0.00000879
0.00000000	-0.00000002	-0.00000649	-0.00000051
0.00000014	-0.00000018	-0.00000056	0.00000041
-0.00000023	-0.00000026	-0.00000923	-0.00001027
-0.00000012	0.00000017	-0.00000313	-0.00000124
-0.00000014	0.00000004	-0.00000401	-0.00000162
-0.00000012	-0.00000015	-0.00000301	-0.00000723
-0.00000026	0.00000001	-0.00000502	-0.00000619
0.00000000	0.00000001	0.00000061	-0.00002007
0.00000019	0.00000004	0.00000494	-0.00000145
0.00000023	-0.00000018	-0.00000110	0.00000051
-0.00000012	-0.00000027	0.00000322	-0.00000694
0.00000020	0.00000003	-0.00000397	-0.00000595
0.00000008	-0.00000020	-0.00001555	-0.00000868
-0.00000005	0.00000002	-0.00000054	-0.00000577
0.00000003	-0.00000028	0.00000092	0.00000403
-0.00000006	0.00000008	-0.00000396	-0.00000897
0.00000002	0.00000012	0.00000148	-0.00000282
0.00000005	0.00000009	-0.00001411	-0.00000729
-0.00000009	-0.00000005	-0.00000165	-0.00001155
-0.00000005	0.00000004	-0.00000577	-0.00000499
-0.00000006	0.00000019	-0.00001049	0.00000138
-0.00000012	0.00000011	-0.00001281	0.00000105
0.00000025	-0.00000005	-0.00000079	-0.00001825
0.00000026	0.00000007	-0.00001800	0.00000106
-0.00000006	-0.00000005	-0.00000377	-0.00001748
0.00000011	-0.00000016	-0.00000617	-0.00000681
-0.00000018	0.00000002	-0.00002188	-0.00000083
-0.00000014	-0.00000035	-0.00000129	-0.00000073
-0.00000009	-0.00000012	-0.00001620	-0.00000078
0.00000032	-0.00000033	-0.00000778	-0.00000798
-0.00000016	-0.00000038	-0.00001281	-0.00000891
-0.00000002	-0.00000063	-0.00001815	0.00000441
