jMRUI Data Textfile

Filename: /Users/Georg/Documents/MATLAB/osprey/exampledata/sdat/UnEdited/derivatives/jMRUIFiles/mrs_sub-01_ses-01_press-ref_sub-01_PRESS_35_ref_jMRUI_REF.TXT

PointsInDataset: 2048
DatasetsInFile: 1
SamplingInterval: 5.000000E-01
ZeroOrderPhase: 0E+00
BeginTime: 0E+00
TransmitterFrequency: 1.277509E+08
MagneticField: 3.000467E+00
TypeOfNucleus: 0E+00
NameOfPatient: No Name
DateOfExperiment: 
Spectrometer: TrioTim
AdditionalInfo: jnear


Signal and FFT
sig(real)	sig(imag)	fft(real)	fft(imag)
Signal 1 out of 1 in file
9.36996355	0.00000000	0.19365886	0.01567851
17.28169697	-0.00662745	0.20697876	0.00876877
16.26469849	-0.01247487	0.20655390	0.04785192
16.08037644	-0.01850025	0.23158360	0.04937935
15.93602984	-0.02444558	0.22363599	0.07634173
15.84972975	-0.03039151	0.22424472	0.11438388
15.74663575	-0.03623262	0.23438138	0.10621728
15.61226957	-0.04191071	0.22788468	0.14735582
15.46011207	-0.04743118	0.24424180	0.16288014
15.34222059	-0.05295322	0.24832670	0.16503958
15.23619229	-0.05843035	0.24915130	0.20264474
15.12255759	-0.06379409	0.26336950	0.20105148
14.99022471	-0.06898464	0.22855023	0.22110940
14.86268856	-0.07409762	0.26749866	0.22738192
14.72597071	-0.07906351	0.24850738	0.25452806
14.59353616	-0.08394919	0.28514696	0.29073577
14.46356792	-0.08874846	0.24920159	0.31017951
14.34578462	-0.09352750	0.28252076	0.30179147
14.22730480	-0.09821141	0.26584210	0.31989012
14.09875249	-0.10273109	0.27418237	0.30532749
13.95530004	-0.10703791	0.28607230	0.34934337
13.80367836	-0.11116893	0.29899005	0.34934058
13.66225794	-0.11526976	0.28852433	0.37217774
13.53135524	-0.11935492	0.28828179	0.33340738
13.39405669	-0.12328083	0.27388890	0.35174365
13.24415818	-0.12698067	0.30121838	0.35715784
13.09352237	-0.13055820	0.27663285	0.39121583
12.94943159	-0.13408800	0.28495075	0.39690097
12.82126151	-0.13767827	0.27643761	0.41942660
12.68583845	-0.14108960	0.24708333	0.42481703
12.53451695	-0.14421417	0.29062262	0.44542956
12.38702561	-0.14726825	0.26399060	0.46975586
12.24395278	-0.15026345	0.24656762	0.48814453
12.10462825	-0.15319638	0.22042877	0.48704474
11.96774993	-0.15605438	0.23687802	0.52313050
11.83311768	-0.15883757	0.26952495	0.54818417
11.69244308	-0.16143410	0.26954453	0.54393337
11.55385810	-0.16395242	0.26413547	0.54708792
11.41347486	-0.16633826	0.26170197	0.59283304
11.28427620	-0.16878375	0.24324196	0.56981875
11.15273542	-0.17109424	0.23160440	0.62020185
11.02555213	-0.17337239	0.23386283	0.63765345
10.89741857	-0.17553770	0.24725565	0.65357891
10.76774562	-0.17757938	0.23994059	0.67261413
10.62833250	-0.17935726	0.20911676	0.69389260
10.50810600	-0.18135937	0.23897594	0.70752439
10.38504006	-0.18321920	0.25149157	0.74064357
10.26529303	-0.18504450	0.26650841	0.75882292
10.13055101	-0.18650191	0.26707310	0.77853255
10.00662029	-0.18805919	0.26044946	0.78411460
9.87969388	-0.18946398	0.27137349	0.80616103
9.76055900	-0.19092385	0.27109430	0.86888779
9.63634514	-0.19219107	0.30059114	0.82392666
9.52900104	-0.19370596	0.29280629	0.82650105
9.41365697	-0.19497285	0.27848554	0.83738973
9.29300457	-0.19603932	0.28780047	0.86308494
9.17530025	-0.19707658	0.27000990	0.89784021
9.05900638	-0.19805442	0.29156877	0.91497397
8.94483768	-0.19899035	0.30522478	0.90086460
8.83658012	-0.19997250	0.29484256	0.91982182
8.72075922	-0.20069758	0.25942583	0.95464373
8.60197824	-0.20126457	0.28349096	0.96634588
8.49034569	-0.20191047	0.27010837	0.99068288
8.38534193	-0.20263094	0.27954791	0.97584633
8.28447786	-0.20337252	0.28429550	1.02952347
8.18813237	-0.20414940	0.28610560	1.02495096
8.08313121	-0.20463327	0.29114489	1.03981135
7.97988948	-0.20508184	0.29526394	1.04689004
7.87207975	-0.20533207	0.30749865	1.07095545
7.76707250	-0.20557380	0.32389331	1.10842147
7.66839422	-0.20590493	0.31391949	1.10931573
7.57379217	-0.20627139	0.30708897	1.11614872
7.47772520	-0.20652485	0.31985943	1.11423303
7.38483699	-0.20679364	0.30045928	1.12992570
7.28818954	-0.20688448	0.32991489	1.14588297
7.19705847	-0.20705990	0.29740256	1.17743799
7.11246350	-0.20735598	0.33000058	1.17760653
7.02555331	-0.20751880	0.32044647	1.18661957
6.93533138	-0.20751587	0.30731544	1.19385525
6.83360508	-0.20709509	0.30612518	1.20052434
6.74916697	-0.20712684	0.32902091	1.21045978
6.66694817	-0.20716279	0.30828002	1.24445978
6.58523388	-0.20715154	0.30590638	1.22248054
6.50296065	-0.20705983	0.28420490	1.25539674
6.42294168	-0.20697765	0.27335995	1.26594914
6.34092437	-0.20676893	0.27643187	1.32788893
6.25838060	-0.20647993	0.30556094	1.31222726
6.17498785	-0.20609928	0.31409047	1.36877359
6.09483807	-0.20576414	0.28099334	1.38322278
6.01301866	-0.20531051	0.29081601	1.38158115
5.92844248	-0.20469892	0.29810676	1.39327404
5.84758441	-0.20415225	0.31562418	1.42370182
5.77145908	-0.20371060	0.30379190	1.42590002
5.70382171	-0.20351340	0.29910269	1.44887714
5.63677226	-0.20328552	0.30501907	1.46099561
5.56543834	-0.20285005	0.31457179	1.48045789
5.49202043	-0.20228309	0.30394398	1.49776773
5.41748815	-0.20161833	0.31568630	1.49017702
5.34548689	-0.20099156	0.33130393	1.53023190
5.28001106	-0.20055740	0.32634590	1.56785962
5.21282677	-0.20000746	0.32408035	1.55481186
5.14430806	-0.19935426	0.32955581	1.56077333
5.07556343	-0.19863965	0.32720655	1.56036607
5.00956625	-0.19798087	0.32647381	1.61017700
4.94454859	-0.19731054	0.31516191	1.60129570
4.88646503	-0.19686968	0.33517485	1.61927013
4.82520001	-0.19625486	0.33936501	1.63884127
4.76076347	-0.19546282	0.32899624	1.68125885
4.69904719	-0.19473406	0.34373911	1.66438207
4.63092790	-0.19369013	0.34093142	1.67246005
4.57046667	-0.19291717	0.34163589	1.68243656
4.51251502	-0.19220470	0.32937217	1.68267066
4.46191611	-0.19176376	0.31570844	1.72163788
4.40357856	-0.19094843	0.32123240	1.74499852
4.34521804	-0.19008733	0.34383891	1.72980627
4.28828864	-0.18924459	0.31487228	1.74628380
4.23115392	-0.18834902	0.29282705	1.76684125
4.17846407	-0.18760916	0.32525517	1.78129265
4.12379093	-0.18673906	0.31834528	1.81376312
4.06946651	-0.18584291	0.29557420	1.82348205
4.01507424	-0.18490195	0.29238946	1.83577928
3.96302011	-0.18402780	0.32179924	1.89023843
3.91824613	-0.18345456	0.34861779	1.88603698
3.87189357	-0.18277244	0.32295739	1.88453171
3.82093912	-0.18183575	0.33834274	1.89637238
3.76855028	-0.18079112	0.31026814	1.92223956
3.71814037	-0.17980197	0.33068890	1.92906669
3.66891280	-0.17883175	0.34661638	1.97356124
3.62091301	-0.17788405	0.34396551	1.99572032
3.57835862	-0.17716911	0.34774444	1.99562999
3.53129219	-0.17619637	0.34717162	2.01569327
3.48564370	-0.17525878	0.34709913	2.03270680
3.43719266	-0.17414416	0.35944621	2.07382267
3.39183156	-0.17315007	0.34368080	2.08152811
3.35070625	-0.17233902	0.36520573	2.07695147
3.31095900	-0.17156779	0.37429844	2.11191238
3.26756709	-0.17057579	0.37653423	2.08643540
3.22341701	-0.16951059	0.33289570	2.10181684
3.17933594	-0.16841515	0.34507538	2.11440528
3.13871803	-0.16747063	0.32956081	2.13575976
3.10156396	-0.16668107	0.32281298	2.18103525
3.06613923	-0.16595658	0.32574756	2.18172558
3.02578063	-0.16493594	0.34781845	2.18098609
2.98735558	-0.16399045	0.31238816	2.25543356
2.94393711	-0.16273941	0.32883944	2.24671350
2.90464898	-0.16168493	0.37046920	2.25830156
2.86452162	-0.16055323	0.34752413	2.29407923
2.82946926	-0.15967710	0.38253987	2.29480963
2.79340723	-0.15871669	0.39791788	2.33075963
2.75676530	-0.15769540	0.37805025	2.34284309
2.72114560	-0.15670483	0.36797523	2.29170163
2.68585530	-0.15570599	0.40379845	2.32298685
2.65559298	-0.15497345	0.37313603	2.34328796
2.62179029	-0.15400971	0.35564352	2.33510359
2.58717821	-0.15297213	0.37470025	2.35548289
2.55182047	-0.15186359	0.32650086	2.37914283
2.51746338	-0.15078781	0.35669228	2.41494162
2.48214554	-0.14962772	0.35355891	2.43713629
2.44897118	-0.14857052	0.37899106	2.43291020
2.42206795	-0.14787068	0.37913480	2.45860753
2.39065205	-0.14687294	0.36612578	2.47473600
2.35800343	-0.14577485	0.36854196	2.51444244
2.32617885	-0.14470292	0.37532285	2.50658487
2.29346544	-0.14355090	0.36516126	2.53925082
2.26659284	-0.14274156	0.37957995	2.52213788
2.23686368	-0.14173058	0.38101521	2.57159871
2.20668081	-0.14066782	0.36327574	2.57422270
2.17783296	-0.13966748	0.37883381	2.58803673
2.15104792	-0.13877805	0.38867234	2.58470979
2.12263420	-0.13776232	0.39048065	2.59314878
2.09562480	-0.13681644	0.39025044	2.62972200
2.06747464	-0.13577487	0.38505784	2.66706529
2.03894311	-0.13468647	0.36796823	2.65263547
2.01286819	-0.13373935	0.38669205	2.69770093
1.98273249	-0.13250082	0.39207421	2.69753761
1.95652337	-0.13150302	0.37191596	2.73673715
1.93099662	-0.13053119	0.40076189	2.73423795
1.90542370	-0.12953660	0.36056343	2.73376503
1.88131770	-0.12862263	0.39851331	2.76507812
1.85547697	-0.12757085	0.40016488	2.76929092
1.83159197	-0.12663441	0.38702103	2.79227755
1.80612339	-0.12556951	0.40091615	2.82355582
1.78416748	-0.12473059	0.39819645	2.83222603
1.76114475	-0.12379978	0.43011300	2.85483446
1.73582158	-0.12268868	0.43118446	2.85375588
1.70961509	-0.12149531	0.44044041	2.88032525
1.68511322	-0.12040358	0.43211766	2.89120140
1.66319854	-0.11947885	0.41898358	2.89706646
1.64240560	-0.11861827	0.42825623	2.91144002
1.62019166	-0.11763853	0.42803059	2.93111902
1.59615386	-0.11650856	0.38710729	2.95557711
1.57400786	-0.11549890	0.41048024	2.96586593
1.55002280	-0.11433655	0.41242940	2.98475181
1.52860512	-0.11334611	0.41311918	2.98843299
1.50850316	-0.11243725	0.40480228	3.01055295
1.48778452	-0.11146671	0.39972514	3.00587383
1.46619587	-0.11041472	0.42198595	3.04244480
1.44638654	-0.10948078	0.43093404	3.07047592
1.42555571	-0.10845388	0.43086461	3.08730948
1.40572460	-0.10748739	0.41211314	3.10618806
1.38699083	-0.10658996	0.41498280	3.12888573
1.36733296	-0.10560673	0.44063371	3.15102964
1.34825835	-0.10465365	0.45377056	3.16954476
1.32789724	-0.10358552	0.43503882	3.18284033
1.30867215	-0.10259076	0.44145072	3.18896896
1.28997142	-0.10162251	0.45520465	3.19316846
1.27189180	-0.10068902	0.45515422	3.20899407
1.25330674	-0.09970140	0.45397189	3.23045625
1.23591842	-0.09879513	0.43804941	3.24695909
1.21723409	-0.09777137	0.44907393	3.24000503
1.20229049	-0.09703512	0.48430176	3.28048328
1.18613861	-0.09618938	0.44609694	3.29344737
1.16800062	-0.09516937	0.42182330	3.32179803
1.15004144	-0.09415003	0.46864319	3.33814220
1.13336828	-0.09322262	0.46016676	3.33094157
1.11626369	-0.09224671	0.44910670	3.33774209
1.09942687	-0.09127986	0.45591287	3.36812216
1.08601961	-0.09058609	0.45927061	3.37718675
1.07061095	-0.08971428	0.47717178	3.41128712
1.05439329	-0.08876249	0.46720256	3.41559241
1.03935063	-0.08789757	0.45301514	3.42056641
1.02353927	-0.08695575	0.45569942	3.47162829
1.00820655	-0.08604259	0.45707995	3.47287429
0.99383391	-0.08519991	0.47959333	3.49850326
0.98130105	-0.08450459	0.46219621	3.51251574
0.96835072	-0.08376350	0.47789751	3.51186966
0.95359399	-0.08285547	0.45374693	3.54993714
0.94032060	-0.08206552	0.46451651	3.55592480
0.92729277	-0.08128687	0.48496678	3.59492101
0.91376234	-0.08045391	0.49790148	3.61651790
0.90141718	-0.07971534	0.49203933	3.61843316
0.88631518	-0.07872239	0.47107339	3.61366867
0.87305436	-0.07788203	0.48770994	3.65624138
0.85923437	-0.07698134	0.50988421	3.65735017
0.84784952	-0.07628911	0.46566364	3.67095898
0.83637650	-0.07558012	0.47982065	3.68894316
0.82437955	-0.07481474	0.49261704	3.69591349
0.81206100	-0.07401080	0.50200268	3.74094984
0.79884664	-0.07311536	0.49567944	3.71051590
0.78784324	-0.07241294	0.52418144	3.74525333
0.77492617	-0.07152539	0.50213318	3.75917480
0.76326264	-0.07074406	0.49320938	3.76420009
0.75263325	-0.07004999	0.51203646	3.78794244
0.74186141	-0.06933439	0.50556326	3.80125399
0.73152459	-0.06865131	0.49935665	3.78621431
0.72098093	-0.06794076	0.50134050	3.83273451
0.71001835	-0.06718243	0.47065055	3.84671076
0.70055341	-0.06655792	0.50501223	3.86676489
0.69124448	-0.06594100	0.49055870	3.88971311
0.68028422	-0.06515872	0.50630774	3.91090129
0.66922618	-0.06435857	0.51985923	3.92257163
0.65942255	-0.06367100	0.49632457	3.96201560
0.64851012	-0.06286837	0.48827834	3.96796875
0.64049730	-0.06233953	0.51830688	3.97015389
0.63135120	-0.06169377	0.52135066	4.02526810
0.62098159	-0.06092090	0.53343471	3.99202666
0.61194183	-0.06027101	0.51831063	4.01318224
0.60333390	-0.05965683	0.53549327	4.02507222
0.59469175	-0.05903261	0.53175208	4.07348605
0.58602560	-0.05839932	0.51361097	4.10145455
0.57693191	-0.05771656	0.55464898	4.09416090
0.56779388	-0.05702232	0.55612678	4.08996369
0.55814752	-0.05626977	0.53971356	4.12005710
0.55050209	-0.05571226	0.55879321	4.14950955
0.54331644	-0.05519556	0.56636160	4.13617999
0.53570193	-0.05462956	0.55106780	4.15317779
0.52732778	-0.05397993	0.55859984	4.13647664
0.51896249	-0.05332473	0.54174612	4.18389228
0.51157353	-0.05276376	0.56920851	4.19083740
0.50294639	-0.05206889	0.54221373	4.23495510
0.49636773	-0.05158022	0.52304846	4.24265248
0.48927026	-0.05103235	0.52228640	4.22979126
0.48089908	-0.05034565	0.50326165	4.30341574
0.47293905	-0.04969567	0.53159585	4.34169517
0.46676868	-0.04922829	0.52112543	4.31233457
0.45973179	-0.04866441	0.54690034	4.34609425
0.45287211	-0.04811391	0.55668464	4.35049335
0.44635404	-0.04759453	0.52241314	4.36883080
0.43968160	-0.04705359	0.53628077	4.40186036
0.43246231	-0.04644876	0.55625913	4.43196716
0.42530331	-0.04584483	0.55203477	4.45205339
0.41901044	-0.04532907	0.54925920	4.47169624
0.41345545	-0.04488854	0.54024435	4.45688125
0.40641912	-0.04428232	0.52987204	4.51750395
0.40127498	-0.04387754	0.52781388	4.54843078
0.39402071	-0.04323724	0.55816873	4.53650251
0.38862246	-0.04279571	0.58000787	4.53550950
0.38220560	-0.04223743	0.56964111	4.59812000
0.37752980	-0.04186727	0.59102541	4.60738272
0.37227048	-0.04142854	0.59642772	4.59590895
0.36553676	-0.04082110	0.59576102	4.60573666
0.35908708	-0.04024027	0.56651830	4.63212045
0.35317146	-0.03971449	0.61792960	4.65966286
0.34874297	-0.03935194	0.62363070	4.66206756
0.34216890	-0.03874302	0.58006166	4.70043949
0.33821863	-0.03842712	0.61022189	4.69094970
0.33162181	-0.03780644	0.62759175	4.70130155
0.32719539	-0.03742892	0.60987210	4.75549526
0.32216418	-0.03697855	0.62258800	4.74474881
0.31699027	-0.03650785	0.60923621	4.75463762
0.31151599	-0.03599843	0.60930797	4.77726586
0.30665173	-0.03555550	0.64610079	4.80089483
0.30180059	-0.03511032	0.60545183	4.83577631
0.29670702	-0.03463309	0.61952051	4.83244244
0.29236443	-0.03423985	0.65517103	4.84387267
0.28825363	-0.03387049	0.64902722	4.85472403
0.28386128	-0.03346474	0.63151326	4.85369223
0.27952693	-0.03306245	0.63932566	4.86673237
0.27429315	-0.03255007	0.62115599	4.89190469
0.27189103	-0.03237075	0.60669281	4.92511737
0.26743710	-0.03194450	0.66666343	4.91004803
0.26407218	-0.03164529	0.62938318	4.95472490
0.25922277	-0.03116500	0.60417427	4.97454753
0.25488719	-0.03074292	0.63373290	4.99158138
0.25116073	-0.03039118	0.64110888	5.02312567
0.24846907	-0.03016217	0.65276177	5.01412430
0.24422957	-0.02974257	0.63177410	5.04580353
0.24034059	-0.02936251	0.63720653	5.08173615
0.23674222	-0.02901504	0.59633111	5.09062897
0.23307619	-0.02865647	0.61280919	5.10967768
0.22942097	-0.02829638	0.65640137	5.12758772
0.22541659	-0.02789025	0.63935073	5.15404083
0.22343160	-0.02773165	0.64101861	5.18255684
0.21976628	-0.02736231	0.65616666	5.18332216
0.21621247	-0.02700404	0.68343603	5.21113656
0.21459737	-0.02688591	0.67403442	5.25344167
0.21008280	-0.02640213	0.66853471	5.23556825
0.20692477	-0.02608586	0.67325040	5.23759485
0.20408073	-0.02580684	0.68839377	5.28130978
0.20105731	-0.02550285	0.67928279	5.26222444
0.19821126	-0.02521909	0.68869581	5.29119862
0.19588309	-0.02499921	0.66541575	5.30426374
0.19212928	-0.02459502	0.65058739	5.32659284
0.18931282	-0.02430827	0.67262881	5.36197593
0.18691579	-0.02407335	0.65289899	5.38039738
0.18547418	-0.02396000	0.68629427	5.39861581
0.18307874	-0.02372193	0.66768251	5.46720720
0.17961036	-0.02334257	0.69606550	5.43959328
0.17727361	-0.02310801	0.70138452	5.44818878
0.17460126	-0.02282777	0.71266032	5.45849709
0.17154269	-0.02249479	0.69358295	5.45999416
0.17040085	-0.02241154	0.71970671	5.50064360
0.16786748	-0.02214384	0.69383341	5.53062494
0.16488302	-0.02181448	0.70980375	5.51125040
0.16240736	-0.02155032	0.71161047	5.55345550
0.15943201	-0.02121773	0.68888495	5.57954402
0.15757803	-0.02103251	0.69515109	5.57639225
0.15504338	-0.02075472	0.70043722	5.61556096
0.15353953	-0.02061335	0.66559012	5.63996655
0.15068323	-0.02028871	0.69027726	5.64684959
0.14994256	-0.02024753	0.68913453	5.67449554
0.14729645	-0.01994773	0.70452150	5.68999760
0.14674888	-0.01993089	0.69457976	5.71446210
0.14414883	-0.01963406	0.70259864	5.73921157
0.14268964	-0.01949105	0.71158883	5.78073183
0.14007279	-0.01918831	0.72006398	5.76274438
0.13768799	-0.01891542	0.71269898	5.79571144
0.13608826	-0.01874883	0.72800496	5.81679835
0.13487486	-0.01863437	0.74536741	5.84245142
0.13286300	-0.01840834	0.70043776	5.86545425
0.12973982	-0.01802633	0.74480797	5.88666762
0.12875678	-0.01794008	0.74858605	5.90800062
0.12664358	-0.01769515	0.75600800	5.92823750
0.12506660	-0.01752371	0.75598824	5.94944457
0.12409175	-0.01743564	0.75042172	5.93900204
0.12156859	-0.01712867	0.79038512	5.97852365
0.11983382	-0.01693112	0.75676825	5.97380974
0.11970883	-0.01696028	0.77106534	6.01633294
0.11637503	-0.01653348	0.75130079	5.99942291
0.11531492	-0.01642799	0.77357356	6.00560635
0.11367527	-0.01623888	0.76708720	6.05683105
0.11262308	-0.01613265	0.78208952	6.08308840
0.11030576	-0.01584387	0.78192721	6.07519755
0.10971643	-0.01580217	0.77847682	6.09926722
0.10796517	-0.01559221	0.75498986	6.11599913
0.10662420	-0.01544029	0.78726398	6.14168701
0.10534906	-0.01529689	0.78124848	6.16629528
0.10345612	-0.01506254	0.77766296	6.20059637
0.10230288	-0.01493471	0.77694906	6.22539257
0.10150203	-0.01485755	0.77032154	6.20421508
0.10176082	-0.01493529	0.78254994	6.27455162
0.09924390	-0.01460477	0.80706107	6.29439893
0.09745723	-0.01438003	0.82131669	6.28774382
0.09672294	-0.01430959	0.79420101	6.30180613
0.09577022	-0.01420617	0.79238570	6.31289669
0.09309507	-0.01384584	0.81610440	6.34209943
0.09266122	-0.01381764	0.78768746	6.35729661
0.09154796	-0.01368752	0.80681570	6.39027522
0.09016954	-0.01351678	0.84313729	6.38876350
0.08837464	-0.01328237	0.81678667	6.40975854
0.08744577	-0.01317706	0.81434947	6.41043434
0.08607738	-0.01300462	0.81950929	6.48444960
0.08491343	-0.01286208	0.82279330	6.50287796
0.08364204	-0.01270232	0.83247885	6.48708143
0.08388375	-0.01277194	0.83167298	6.51507947
0.08193890	-0.01250797	0.82039416	6.51984041
0.08175166	-0.01251147	0.80201646	6.53137925
0.08033417	-0.01232607	0.82975767	6.58102031
0.07936376	-0.01220833	0.84228668	6.57332844
0.07887534	-0.01216416	0.80087644	6.62144954
0.07695399	-0.01189807	0.85947852	6.64002268
0.07588682	-0.01176287	0.88053615	6.65351903
0.07624441	-0.01184824	0.84074322	6.68701157
0.07372788	-0.01148613	0.86005556	6.66293042
0.07388186	-0.01153915	0.85377031	6.71636775
0.07264500	-0.01137451	0.88478159	6.72156352
0.07031346	-0.01103707	0.88986440	6.71743036
0.07160061	-0.01126725	0.87162146	6.75164564
0.06975862	-0.01100481	0.83294729	6.77784054
0.06912863	-0.01093259	0.87693289	6.78682570
0.06776148	-0.01074302	0.89300505	6.82986048
0.06786229	-0.01078568	0.88139375	6.81834811
0.06752293	-0.01075830	0.88996118	6.87853581
0.06645803	-0.01061476	0.88945748	6.87798821
0.06483368	-0.01038082	0.86253271	6.88744902
0.06540562	-0.01049812	0.86082435	6.88307398
0.06336449	-0.01019543	0.88309826	6.94333792
0.06205266	-0.01000877	0.86923573	6.97729864
0.06101439	-0.00986531	0.87816959	6.96451928
0.06045930	-0.00979936	0.91183573	7.00439601
0.05894250	-0.00957671	0.91379814	7.03623898
0.05984018	-0.00974612	0.88931780	7.04325606
0.05845094	-0.00954286	0.88818735	7.04056000
0.05756026	-0.00942011	0.88341334	7.04987264
0.05779474	-0.00948125	0.87886234	7.09897109
0.05735175	-0.00943116	0.85984322	7.15029675
0.05627529	-0.00927631	0.85601357	7.15020927
0.05515599	-0.00911353	0.88585532	7.15358690
0.05487066	-0.00908801	0.86295709	7.18447221
0.05383873	-0.00893831	0.86267287	7.24270132
0.05359658	-0.00891923	0.87187237	7.25937228
0.05160908	-0.00860882	0.87684667	7.30371054
0.05112938	-0.00854896	0.88905099	7.28268432
0.05014261	-0.00840374	0.90833149	7.30946493
0.05020202	-0.00843349	0.91393771	7.34764032
0.04973184	-0.00837411	0.89835947	7.38023654
0.04900948	-0.00827181	0.93610435	7.39768812
0.04880678	-0.00825685	0.93809994	7.42472726
0.04851404	-0.00822646	0.93572356	7.42855172
0.04800790	-0.00815958	0.92970790	7.46848629
0.04677734	-0.00796888	0.95055345	7.48508395
0.04600648	-0.00785572	0.99460127	7.50132467
0.04508498	-0.00771617	1.00264515	7.49305404
0.04563382	-0.00782811	0.97736100	7.51254369
0.04382955	-0.00753591	0.96747434	7.52688103
0.04439124	-0.00765001	0.98313699	7.56261720
0.04257214	-0.00735334	0.97069316	7.55095436
0.04141365	-0.00716959	0.97111825	7.59329997
0.04156286	-0.00721184	0.96930856	7.60472019
0.04111785	-0.00715087	0.98517471	7.64218897
0.04180064	-0.00728613	0.97918008	7.66460144
0.04022664	-0.00702767	0.95706252	7.65644217
0.03957098	-0.00692876	0.96983620	7.68579359
0.04015371	-0.00704667	0.97407873	7.70306546
0.04025390	-0.00708016	0.97371107	7.76254843
0.03860991	-0.00680627	0.95033268	7.75560407
0.03869498	-0.00683657	0.98311075	7.79021769
0.03765806	-0.00666826	0.96874314	7.80317939
0.03629368	-0.00644102	0.99538053	7.81644593
0.03686207	-0.00655648	0.98252757	7.82735136
0.03659349	-0.00652318	0.96982632	7.84497987
0.03571925	-0.00638148	0.95372256	7.88021350
0.03363441	-0.00602232	0.98399809	7.90223900
0.03399679	-0.00610066	0.95482057	7.94346990
0.03438725	-0.00618434	0.96907741	7.94106378
0.03345123	-0.00602924	0.96883691	7.98077089
0.03385724	-0.00611583	0.96479265	8.01651969
0.03253967	-0.00589072	0.96392101	8.03496075
0.03329930	-0.00604142	0.98160361	8.06548422
0.03065259	-0.00557338	0.98195247	8.06876868
0.03119526	-0.00568441	0.96035483	8.10304066
0.03129598	-0.00571517	0.98359715	8.13445798
0.03073884	-0.00562560	0.97944795	8.16143787
0.03016867	-0.00553321	0.98028538	8.14890559
0.02949908	-0.00542210	0.98717315	8.18790360
0.02855699	-0.00526026	0.97949547	8.22468764
0.02773978	-0.00512073	0.98644890	8.22356165
0.02786684	-0.00515523	0.99236025	8.27245332
0.02701110	-0.00500764	0.97215663	8.26449602
0.02650100	-0.00492359	0.99277231	8.33656952
0.02672253	-0.00497535	0.95447165	8.33126928
0.02572247	-0.00479935	0.96673861	8.36889618
0.02505869	-0.00468545	0.97736692	8.40232275
0.02522370	-0.00472632	0.98608159	8.44435672
0.02457149	-0.00461386	0.98581965	8.49226327
0.02453588	-0.00461692	1.02144361	8.52492781
0.02378487	-0.00448505	1.02357427	8.54195696
0.02422213	-0.00457712	1.04629296	8.56009073
0.02376693	-0.00450054	1.02526603	8.56771834
0.02303633	-0.00437135	1.05308144	8.61502573
0.02334774	-0.00443972	1.06635680	8.62061008
0.02263000	-0.00431223	1.04736481	8.61678663
0.02213878	-0.00422742	1.05130522	8.66406474
0.02333930	-0.00446594	1.05994051	8.67956761
0.02163643	-0.00414870	1.07295297	8.70563628
0.02094985	-0.00402538	1.07503610	8.72841150
0.02120344	-0.00408254	1.08331005	8.75215615
0.02065836	-0.00398580	1.06119474	8.76050515
0.02041826	-0.00394760	1.09273651	8.79263709
0.02066729	-0.00400397	1.05796869	8.80116887
0.02030005	-0.00394090	1.08352719	8.83448289
0.02016788	-0.00392327	1.07493701	8.83697830
0.01989340	-0.00387779	1.03930426	8.88424763
0.01959496	-0.00382742	1.04801990	8.90325561
0.01937346	-0.00379187	1.05176636	8.91974911
0.01887632	-0.00370208	1.04353949	8.96357683
0.01923324	-0.00377974	1.03410498	8.99677689
0.01923792	-0.00378833	1.06196926	9.02072775
0.01819257	-0.00358972	1.07379852	9.04975644
0.01764684	-0.00348907	1.05919228	9.10658172
0.01838765	-0.00364287	1.10307263	9.11499810
0.01758377	-0.00349062	1.07742903	9.13043185
0.01675307	-0.00333239	1.08889307	9.17351858
0.01799694	-0.00358699	1.09323725	9.19197541
0.01654065	-0.00330333	1.08252505	9.20911567
0.01655224	-0.00331225	1.07180450	9.26115251
0.01644771	-0.00329789	1.11817779	9.25708200
0.01594734	-0.00320392	1.09393612	9.29113154
0.01534908	-0.00308985	1.06742280	9.31834481
0.01489579	-0.00300455	1.09247492	9.35789182
0.01489618	-0.00301057	1.09405065	9.38287475
0.01403362	-0.00284185	1.11022856	9.42207815
0.01360889	-0.00276127	1.12060213	9.43725154
0.01379389	-0.00280432	1.11878615	9.42376878
0.01393465	-0.00283850	1.12934555	9.48344133
0.01340209	-0.00273537	1.10905391	9.51836684
0.01416724	-0.00289720	1.12268982	9.52541484
0.01357380	-0.00278126	1.12693410	9.54271207
0.01346664	-0.00276469	1.13648093	9.58322729
0.01336266	-0.00274868	1.11426528	9.58879939
0.01290468	-0.00265963	1.11288284	9.66027861
0.01293572	-0.00267120	1.08361260	9.65537980
0.01244182	-0.00257419	1.11574069	9.72552212
0.01206050	-0.00250012	1.12427634	9.72699614
0.01146207	-0.00238065	1.13044273	9.79664430
0.01020829	-0.00212433	1.12757522	9.81079153
0.01006128	-0.00209776	1.15041360	9.83197039
0.00954193	-0.00199329	1.16950910	9.87396958
0.01027714	-0.00215099	1.18918639	9.86714862
0.00935271	-0.00196125	1.17653859	9.90795595
0.00897471	-0.00188558	1.17374314	9.93028415
0.00900740	-0.00189606	1.18620631	9.95796825
0.00904413	-0.00190741	1.18249712	9.99060997
0.01033140	-0.00218303	1.18624880	10.00686218
0.00982027	-0.00207897	1.14479443	10.00524870
0.00964766	-0.00204629	1.17297662	10.07131809
0.00922384	-0.00196010	1.16442233	10.08206510
0.00925680	-0.00197081	1.17378120	10.12701938
0.00960627	-0.00204906	1.16270809	10.14296868
0.00973412	-0.00208024	1.16658545	10.19056470
0.00823427	-0.00176301	1.16532741	10.19866762
0.00841741	-0.00180560	1.17797991	10.25035261
0.00884716	-0.00190134	1.15545196	10.26178186
0.00883724	-0.00190275	1.14642849	10.30137002
0.00833141	-0.00179718	1.17540442	10.34495101
0.00741089	-0.00160159	1.17125445	10.37444662
0.00778183	-0.00168488	1.13465864	10.42629101
0.00820598	-0.00178001	1.13528425	10.43998668
0.00801401	-0.00174159	1.10618880	10.48707007
0.00809896	-0.00176330	1.12445686	10.52848567
0.00786228	-0.00171493	1.14823883	10.57923705
0.00728024	-0.00159090	1.18898129	10.63261324
0.00731369	-0.00160115	1.17180261	10.66580575
0.00724731	-0.00158953	1.17699565	10.68555253
0.00642455	-0.00141166	1.21479279	10.74961350
0.00669405	-0.00147357	1.23336271	10.76868763
0.00650690	-0.00143498	1.22632337	10.80636650
0.00643547	-0.00142182	1.28524509	10.83845545
0.00631871	-0.00139856	1.27082607	10.86889209
0.00583105	-0.00129297	1.30022531	10.87968436
0.00598212	-0.00132888	1.29701820	10.95188038
0.00664674	-0.00147919	1.32038180	10.94421813
0.00682869	-0.00152243	1.32555820	10.98170758
0.00626245	-0.00139871	1.29364129	10.97004944
0.00707673	-0.00158343	1.31639359	11.06056740
0.00660175	-0.00147981	1.33565896	11.06589368
0.00653134	-0.00146666	1.31516837	11.06718179
0.00629099	-0.00141522	1.36602194	11.09911942
0.00522714	-0.00117801	1.35853957	11.11743754
0.00556292	-0.00125592	1.33124329	11.19026601
0.00543729	-0.00122975	1.29802961	11.18984468
0.00487421	-0.00110436	1.33154780	11.22767997
0.00490360	-0.00111300	1.33713326	11.26845461
0.00496290	-0.00112846	1.35692839	11.32885514
0.00462695	-0.00105394	1.36085176	11.36507610
0.00421582	-0.00096199	1.35946305	11.39771679
0.00430934	-0.00098507	1.40473804	11.45837235
0.00472010	-0.00108087	1.40245498	11.44207725
0.00444784	-0.00102032	1.43404796	11.43684416
0.00364636	-0.00083793	1.40762867	11.50272330
0.00506377	-0.00116570	1.46147732	11.50505045
0.00407540	-0.00093982	1.42924590	11.53442187
0.00410234	-0.00094769	1.43045507	11.57663035
0.00496423	-0.00114880	1.40656278	11.60718418
0.00549357	-0.00127352	1.43696676	11.66397409
0.00507496	-0.00117853	1.44647886	11.70977606
0.00614685	-0.00142993	1.45003931	11.71668079
0.00510143	-0.00118880	1.44344447	11.75654709
0.00395068	-0.00092223	1.45357231	11.78294993
0.00324425	-0.00075864	1.45102989	11.78353036
0.00293274	-0.00068698	1.45307586	11.82626207
0.00387715	-0.00090977	1.48225621	11.84757833
0.00395267	-0.00092910	1.49015672	11.89739450
0.00415808	-0.00097906	1.45003822	11.91575002
0.00341016	-0.00080434	1.48347319	11.96421000
0.00455656	-0.00107658	1.49757112	11.99274213
0.00522644	-0.00123696	1.46696422	11.99113376
0.00442041	-0.00104799	1.47968074	12.04984294
0.00445607	-0.00105825	1.46918239	12.09347180
0.00513096	-0.00122060	1.50985679	12.11623412
0.00486550	-0.00115942	1.46143853	12.13768455
0.00510742	-0.00121914	1.48203966	12.20002277
0.00440819	-0.00105402	1.49562498	12.22454511
0.00440066	-0.00105401	1.49416972	12.25613356
0.00397107	-0.00095273	1.47907999	12.25840620
0.00483028	-0.00116082	1.49669379	12.30114943
0.00442649	-0.00106558	1.48223045	12.31756801
0.00442653	-0.00106738	1.49027853	12.40006617
0.00368789	-0.00089077	1.48695985	12.45450637
0.00376657	-0.00091130	1.49799463	12.49577025
0.00372953	-0.00090386	1.47927901	12.51935470
0.00414510	-0.00100625	1.50660346	12.57182806
0.00408437	-0.00099317	1.51849322	12.56372265
0.00304899	-0.00074264	1.52384564	12.61471979
0.00413024	-0.00100768	1.52131619	12.65825267
0.00440802	-0.00107724	1.51093062	12.68091207
0.00429089	-0.00105036	1.48452703	12.72063005
0.00392308	-0.00096192	1.52398722	12.77801575
0.00357543	-0.00087813	1.52347946	12.81023506
0.00333490	-0.00082041	1.49923607	12.80857827
0.00376067	-0.00092669	1.48622270	12.85965251
0.00410983	-0.00101440	1.51921954	12.93770580
0.00459564	-0.00113617	1.49450355	12.97782671
0.00397725	-0.00098491	1.49360103	12.99189650
0.00423475	-0.00105040	1.51402146	13.05358812
0.00330353	-0.00082076	1.52141423	13.09450307
0.00336634	-0.00083774	1.51813104	13.12889621
0.00455292	-0.00113488	1.52196389	13.18140193
0.00476210	-0.00118896	1.50496206	13.24889018
0.00313683	-0.00078446	1.51667880	13.27664492
0.00376696	-0.00094357	1.52354551	13.33934098
0.00421500	-0.00105752	1.55630824	13.36549763
0.00375042	-0.00094249	1.53562040	13.42159285
0.00366925	-0.00092359	1.55582683	13.43579651
0.00397615	-0.00100246	1.55819760	13.49985458
0.00430946	-0.00108825	1.59531282	13.58046323
0.00489833	-0.00123895	1.60504874	13.59446894
0.00483411	-0.00122468	1.59680402	13.63805374
0.00401592	-0.00101904	1.59335197	13.67059368
0.00445937	-0.00113339	1.56306307	13.74139525
0.00480783	-0.00122391	1.59174988	13.77612051
0.00490714	-0.00125120	1.61688581	13.83843693
0.00529375	-0.00135194	1.60651442	13.85196200
0.00453003	-0.00115874	1.65494569	13.91418580
0.00465269	-0.00119202	1.64534098	13.94011460
0.00495541	-0.00127160	1.68921238	13.95043029
0.00386986	-0.00099462	1.67924529	14.00564913
0.00560709	-0.00144342	1.67902957	14.07627224
0.00404147	-0.00104204	1.71375269	14.09415564
0.00379495	-0.00098003	1.69502021	14.13456260
0.00460543	-0.00119121	1.71568659	14.16303528
0.00461835	-0.00119644	1.69524800	14.22014807
0.00424700	-0.00110198	1.69255745	14.25637430
0.00429428	-0.00111600	1.70333348	14.31275322
0.00417035	-0.00108551	1.67769342	14.33982324
0.00398622	-0.00103921	1.67247784	14.39194696
0.00447190	-0.00116766	1.68262457	14.45118147
0.00345245	-0.00090288	1.69929834	14.55006387
0.00384626	-0.00100745	1.69535706	14.58285750
0.00412523	-0.00108221	1.73429307	14.64869779
0.00430897	-0.00113218	1.72298632	14.70441414
0.00353860	-0.00093122	1.75163925	14.79625098
0.00288218	-0.00075966	1.79190905	14.89233835
0.00255068	-0.00067333	1.83714134	14.94217809
0.00304255	-0.00080442	1.94933552	14.96965917
0.00251236	-0.00066527	2.01076868	15.01206964
0.00280756	-0.00074459	2.07242100	14.97790169
0.00326228	-0.00086653	2.12179150	14.94425645
0.00257782	-0.00068578	2.07379499	14.90820528
0.00242576	-0.00064633	2.03688674	14.87360105
0.00232914	-0.00062154	2.01675888	14.91719734
0.00206479	-0.00055184	1.94973562	14.93827148
0.00313599	-0.00083943	1.92445791	14.94215352
0.00288184	-0.00077258	1.88957993	15.02389107
0.00292794	-0.00078614	1.86178631	15.07261861
0.00323415	-0.00086969	1.85439406	15.12209121
0.00322228	-0.00086782	1.83421052	15.20213442
0.00291208	-0.00078548	1.84925227	15.26841943
0.00282702	-0.00076370	1.83393849	15.28122864
0.00357215	-0.00096646	1.86510029	15.37799846
0.00309617	-0.00083896	1.85824659	15.43946018
0.00288529	-0.00078300	1.84819692	15.46154257
0.00350860	-0.00095360	1.83740407	15.50900598
0.00365825	-0.00099578	1.85548368	15.57255586
0.00391121	-0.00106625	1.84684033	15.58124869
0.00291215	-0.00079509	1.84446623	15.64986347
0.00278790	-0.00076231	1.83018269	15.70404824
0.00340279	-0.00093185	1.82001672	15.74941848
0.00376664	-0.00103304	1.81556902	15.83222827
0.00274228	-0.00075323	1.82449613	15.91043259
0.00254064	-0.00069890	1.80535878	15.97035660
0.00245291	-0.00067577	1.85179546	15.99751179
0.00256935	-0.00070891	1.81380684	16.10494134
0.00310916	-0.00085914	1.82935581	16.14801852
0.00284324	-0.00078683	1.85999517	16.21135761
0.00273632	-0.00075837	1.84326470	16.24730855
0.00335504	-0.00093124	1.87170867	16.32519179
0.00306915	-0.00085315	1.87198409	16.35645656
0.00299522	-0.00083384	1.87403835	16.39795309
0.00321757	-0.00089707	1.86558829	16.45707996
0.00383682	-0.00107130	1.86578973	16.50391935
0.00353975	-0.00098982	1.88912538	16.59533123
0.00400283	-0.00112096	1.90196193	16.66676433
0.00404894	-0.00113555	1.88949955	16.69159484
0.00371305	-0.00104289	1.88741972	16.73008036
0.00396566	-0.00111548	1.91237610	16.83138727
0.00401660	-0.00113147	1.91303706	16.87415924
0.00444699	-0.00125455	1.90572237	16.94440436
0.00373556	-0.00105539	1.91208179	17.00853553
0.00320163	-0.00090587	1.93731142	17.03959920
0.00341297	-0.00096708	1.95241706	17.08200902
0.00287739	-0.00081651	1.96551980	17.13370627
0.00409181	-0.00116282	1.95263186	17.14330990
0.00359762	-0.00102387	1.90944297	17.22049817
0.00372307	-0.00106112	1.92633497	17.28132779
0.00443017	-0.00126449	1.87747999	17.32495278
0.00363104	-0.00103790	1.86066634	17.40099032
0.00323507	-0.00092606	1.87204162	17.48255512
0.00306193	-0.00087777	1.85818812	17.55804942
0.00305148	-0.00087604	1.88657675	17.64598396
0.00274768	-0.00078996	1.85344779	17.70513391
0.00283941	-0.00081751	1.88324115	17.82204353
0.00238513	-0.00068771	1.89305678	17.85234228
0.00268604	-0.00077559	1.91340035	17.93453669
0.00257567	-0.00074479	1.91551374	17.96778040
0.00264311	-0.00076539	1.91707743	18.04807697
0.00364314	-0.00105649	1.90901724	18.11907225
0.00350241	-0.00101714	1.90187098	18.21945479
0.00325648	-0.00094707	1.93173421	18.27008904
0.00235289	-0.00068526	1.93843919	18.31291636
0.00312067	-0.00091017	1.90174106	18.36043308
0.00181561	-0.00053029	1.92508729	18.44801792
0.00325835	-0.00095304	1.96431776	18.50079962
0.00272725	-0.00079883	1.92503426	18.55582706
0.00274613	-0.00080550	1.91842762	18.62493196
0.00355346	-0.00104379	1.91486690	18.69861934
0.00312176	-0.00091829	1.90737810	18.78289563
0.00239386	-0.00070517	1.86653847	18.85571140
0.00332599	-0.00098113	1.88071456	18.96567579
0.00261073	-0.00077123	1.90411545	19.02955095
0.00278756	-0.00082463	1.90160337	19.11515888
0.00240620	-0.00071281	1.91747046	19.24953035
0.00174704	-0.00051827	1.94637510	19.26137322
0.00217115	-0.00064500	1.94368866	19.37557946
0.00207835	-0.00061829	1.94970120	19.43441151
0.00136397	-0.00040634	1.95381311	19.48493817
0.00252695	-0.00075386	1.95780134	19.54776111
0.00097987	-0.00029273	1.94009423	19.61840774
0.00186250	-0.00055719	1.93424100	19.72319355
0.00195503	-0.00058569	1.93320559	19.81270521
0.00108727	-0.00032618	1.93685237	19.92526344
0.00150935	-0.00045344	1.94707497	19.98067711
0.00168517	-0.00050696	1.95655608	20.06976720
0.00171045	-0.00051528	1.93516087	20.17638079
0.00145525	-0.00043901	1.92543943	20.23411974
0.00196258	-0.00059288	1.95172104	20.34082058
0.00174607	-0.00052820	1.94737517	20.41599350
0.00185249	-0.00056117	1.98633193	20.51439880
0.00199427	-0.00060495	1.93949712	20.62502577
0.00094584	-0.00028731	1.95369501	20.68633732
0.00094951	-0.00028883	2.02157356	20.77505371
0.00147877	-0.00045044	2.00481573	20.87245109
0.00131573	-0.00040133	2.02029293	20.94433023
0.00074677	-0.00022810	2.01957370	21.03030390
0.00110710	-0.00033862	2.00888678	21.12745154
0.00202308	-0.00061963	2.00287794	21.19449266
0.00061510	-0.00018865	2.02877654	21.31512008
0.00064159	-0.00019705	2.01728824	21.37729953
0.00155003	-0.00047670	2.04683835	21.51360200
0.00129930	-0.00040013	2.04200412	21.58241874
0.00175025	-0.00053974	2.06125752	21.67230915
0.00144991	-0.00044773	2.09053631	21.76724827
0.00149116	-0.00046110	2.06041660	21.87724416
0.00223349	-0.00069158	2.05168575	21.90654639
0.00233418	-0.00072373	2.08678075	22.03292722
0.00212919	-0.00066107	2.06001774	22.13984085
0.00204188	-0.00063482	2.08574208	22.23541170
0.00138458	-0.00043105	2.07053228	22.35073031
0.00165429	-0.00051571	2.06466245	22.45896861
0.00184175	-0.00057493	2.08032393	22.56020194
0.00173517	-0.00054239	2.12835971	22.65369299
0.00174762	-0.00054701	2.11973932	22.75782881
0.00195383	-0.00061238	2.11451934	22.81744064
0.00173097	-0.00054326	2.11854059	22.93417737
0.00223419	-0.00070214	2.10962861	23.03424282
0.00138468	-0.00043575	2.10424712	23.11982873
0.00121571	-0.00038308	2.12223157	23.28144756
0.00160603	-0.00050676	2.12233632	23.37073902
0.00167418	-0.00052896	2.12334322	23.48943793
0.00137731	-0.00043575	2.11929249	23.59643931
0.00129395	-0.00040992	2.14336171	23.73842144
0.00137478	-0.00043611	2.13432423	23.87722604
0.00213105	-0.00067691	2.16702150	24.00432438
0.00115839	-0.00036844	2.19472171	24.14798701
0.00178172	-0.00056746	2.24217214	24.27425705
0.00204617	-0.00065254	2.28478627	24.35572271
0.00160868	-0.00051371	2.35643602	24.51806924
0.00147570	-0.00047186	2.42273555	24.55058217
0.00092289	-0.00029549	2.46172695	24.63017528
0.00068833	-0.00022068	2.44464062	24.67328317
0.00121603	-0.00039038	2.44677915	24.69255114
0.00101871	-0.00032746	2.40809077	24.73975391
0.00172223	-0.00055433	2.36678479	24.86217263
0.00090908	-0.00029299	2.29340142	24.96116993
0.00087983	-0.00028394	2.24705200	25.14342543
0.00063094	-0.00020388	2.22064528	25.25333953
0.00049429	-0.00015993	2.20339069	25.40136116
0.00143808	-0.00046592	2.22583041	25.57304885
0.00175597	-0.00056966	2.19232200	25.67979498
0.00149529	-0.00048572	2.17072657	25.84684305
0.00220985	-0.00071877	2.17110461	26.01984187
0.00331919	-0.00108101	2.19358033	26.15267457
0.00182559	-0.00059534	2.16834457	26.29692434
0.00185897	-0.00060701	2.20236626	26.45593710
0.00294197	-0.00096189	2.26162548	26.60639550
0.00201474	-0.00065959	2.25846472	26.74068654
0.00305980	-0.00100302	2.31158985	26.90441571
0.00209175	-0.00068658	2.29924011	27.03823316
0.00207276	-0.00068122	2.32700502	27.17959364
0.00199783	-0.00065745	2.34661056	27.32450045
0.00163249	-0.00053791	2.37691001	27.48457536
0.00175913	-0.00058039	2.44163812	27.62149057
0.00113809	-0.00037597	2.44859879	27.73908870
0.00216465	-0.00071602	2.44241801	27.85044743
0.00263762	-0.00087360	2.45032068	27.96887066
0.00209215	-0.00069382	2.47397684	28.09368441
0.00153371	-0.00050928	2.43992160	28.21352943
0.00221395	-0.00073610	2.43555110	28.39681639
0.00265666	-0.00088443	2.45152448	28.50485974
0.00246006	-0.00082003	2.40490218	28.66169798
0.00263867	-0.00088069	2.43974160	28.81171998
0.00311368	-0.00104055	2.43529982	28.97797383
0.00177928	-0.00059537	2.38955892	29.12865725
0.00334207	-0.00111973	2.37340316	29.28324894
0.00256264	-0.00085968	2.36491684	29.46572934
0.00281327	-0.00094496	2.37574128	29.66580574
0.00286606	-0.00096391	2.36132089	29.83427126
0.00302018	-0.00101704	2.32612027	30.02533867
0.00268210	-0.00090434	2.36403342	30.19734668
0.00311157	-0.00105047	2.38288306	30.39719383
0.00267904	-0.00090560	2.35381561	30.54901278
0.00241984	-0.00081901	2.39469930	30.71974267
0.00158649	-0.00053764	2.42161549	30.89637724
0.00132148	-0.00044839	2.40174538	31.08558379
0.00173268	-0.00058866	2.38574632	31.28958484
0.00206882	-0.00070374	2.40641429	31.45991595
0.00152305	-0.00051874	2.40139530	31.67062824
0.00210978	-0.00071948	2.39757211	31.86729240
0.00140688	-0.00048038	2.37111903	32.08878411
0.00178094	-0.00060887	2.39256555	32.27805260
0.00248401	-0.00085030	2.43231177	32.48375203
0.00219776	-0.00075325	2.41806024	32.70529511
0.00219235	-0.00075234	2.42714109	32.89225206
0.00208270	-0.00071560	2.41137739	33.10098291
0.00173906	-0.00059828	2.40032801	33.33759242
0.00199730	-0.00068797	2.46591166	33.57404877
0.00111561	-0.00038475	2.47303530	33.76042465
0.00210148	-0.00072566	2.47398945	33.98550386
0.00108011	-0.00037344	2.45816991	34.23764261
0.00139227	-0.00048196	2.49372574	34.48566172
0.00107080	-0.00037114	2.49153307	34.69241451
0.00108088	-0.00037509	2.48133576	34.96007270
0.00083765	-0.00029105	2.51214282	35.19844574
0.00073535	-0.00025582	2.54742721	35.46619867
0.00032102	-0.00011182	2.61223372	35.69156300
0.00038514	-0.00013432	2.63891915	35.90664114
0.00043519	-0.00015196	2.65255488	36.18870419
0.00075863	-0.00026522	2.69969822	36.37319169
0.00066386	-0.00023238	2.72730454	36.65231005
0.00068857	-0.00024132	2.77176607	36.86577962
0.00101637	-0.00035664	2.75514718	37.06288409
0.00172066	-0.00060452	2.70019338	37.27429494
0.00097816	-0.00034408	2.66803090	37.53413294
0.00117692	-0.00041450	2.65211097	37.83471329
0.00118662	-0.00041843	2.64086305	38.15143148
0.00149411	-0.00052750	2.68372760	38.41657203
0.00116856	-0.00041307	2.63434382	38.69278433
0.00086021	-0.00030444	2.62201102	39.03123276
0.00162417	-0.00057552	2.68076677	39.40297104
0.00179137	-0.00063554	2.74656253	39.66256581
0.00073310	-0.00026040	2.78081638	39.90930146
0.00050566	-0.00017984	2.76531391	40.23762353
0.00137882	-0.00049097	2.82854062	40.55022887
0.00098949	-0.00035276	2.79535054	40.84133474
0.00095768	-0.00034183	2.79290637	41.14614475
0.00097844	-0.00034967	2.78758621	41.48037441
0.00063706	-0.00022794	2.85981813	41.81673609
0.00062623	-0.00022434	2.85968713	42.16098458
0.00038287	-0.00013733	2.86054569	42.50867072
0.00121974	-0.00043801	2.92255770	42.87015367
0.00088461	-0.00031805	2.95094536	43.19793935
0.00159071	-0.00057261	2.93647422	43.54682978
0.00134884	-0.00048613	2.95455055	43.88304186
0.00156636	-0.00056520	3.02790882	44.26675520
0.00136282	-0.00049235	3.02575615	44.57257438
0.00014134	-0.00005112	3.01907847	44.97483525
0.00048202	-0.00017456	3.06657823	45.39608928
0.00051364	-0.00018623	3.04668318	45.74226795
0.00102169	-0.00037088	3.08340243	46.11704370
0.00066055	-0.00024007	2.99959341	46.50150012
0.00132945	-0.00048375	3.16555181	46.91991394
0.00112028	-0.00040813	3.04842006	47.38607577
0.00135394	-0.00049384	3.11698134	47.76939227
0.00150447	-0.00054940	3.10127730	48.24589625
0.00098728	-0.00036096	3.13666654	48.77917968
0.00107059	-0.00039188	3.15531518	49.13676858
0.00175452	-0.00064300	3.17333634	49.70793257
0.00153515	-0.00056327	3.26007646	50.02502173
0.00137413	-0.00050479	3.25600560	50.63264970
0.00115447	-0.00042460	3.27823750	51.10833599
0.00064520	-0.00023758	3.39652832	51.57184065
0.00089223	-0.00032893	3.36782636	52.02131690
0.00005898	-0.00002177	3.45660548	52.64293269
0.00046413	-0.00017151	3.46124533	53.09982931
0.00071763	-0.00026550	3.54935976	53.61625082
0.00067671	-0.00025066	3.56052941	54.06621516
0.00018500	-0.00006861	3.59657828	54.65994605
0.00066299	-0.00024615	3.64401545	55.15132647
0.00009270	-0.00003446	3.57448819	55.63901344
0.00129055	-0.00048028	3.61400496	56.28798195
0.00160963	-0.00059972	3.60516586	56.89936803
0.00126422	-0.00047158	3.66058885	57.55945595
0.00163550	-0.00061079	3.69218495	58.15122518
0.00175844	-0.00065747	3.70266201	58.78697423
0.00134798	-0.00050459	3.75944599	59.45094782
0.00174428	-0.00065370	3.80081277	60.11270349
0.00126555	-0.00047484	3.77113724	60.82510311
0.00131977	-0.00049576	3.85088226	61.52530725
0.00079389	-0.00029857	3.85567695	62.31011553
0.00099054	-0.00037296	3.93961219	62.90578083
0.00078244	-0.00029495	3.92074263	63.76073776
0.00058328	-0.00022013	4.04025904	64.48993580
0.00121099	-0.00045755	4.07598179	65.31978497
0.00096868	-0.00036642	4.16817413	66.08182635
0.00094264	-0.00035699	4.23916934	66.90118638
0.00067612	-0.00025635	4.25303801	67.69392929
0.00067855	-0.00025757	4.32503115	68.56959943
0.00051138	-0.00019434	4.32911505	69.40975450
0.00120096	-0.00045692	4.34208958	70.29306955
0.00097585	-0.00037170	4.42475208	71.26883093
0.00150744	-0.00057485	4.47801347	72.16510326
0.00167242	-0.00063850	4.44473293	73.16640274
0.00201866	-0.00077158	4.54135445	74.17990063
0.00169239	-0.00064761	4.57625365	75.20138907
0.00221302	-0.00084781	4.61304900	76.26370185
0.00185352	-0.00071090	4.57220738	77.38784354
0.00153577	-0.00058971	4.61014381	78.50016229
0.00181012	-0.00069585	4.62615482	79.74350997
0.00239866	-0.00092315	4.67718745	80.99617043
0.00220830	-0.00085086	4.72240035	82.23834016
0.00144697	-0.00055816	4.77125996	83.59041591
0.00111667	-0.00043124	4.80182217	84.96857252
0.00197280	-0.00076273	4.88220550	86.35399403
0.00232549	-0.00090011	4.86650092	87.86684695
0.00137974	-0.00053466	5.03921305	89.38890570
0.00090336	-0.00035046	5.08955697	90.96377094
0.00228943	-0.00088919	5.23582005	92.63356475
0.00262265	-0.00101976	5.38019466	94.29712177
0.00268616	-0.00104564	5.49779410	96.04558085
0.00223491	-0.00087097	5.62992932	97.87778315
0.00176676	-0.00068931	5.78226888	99.75286876
0.00269229	-0.00105160	5.94419681	101.65372313
0.00281085	-0.00109915	6.11960032	103.66643786
0.00197117	-0.00077168	6.29292884	105.77042760
0.00199993	-0.00078382	6.49495867	107.96055981
0.00158148	-0.00062052	6.71438770	110.17374446
0.00158590	-0.00062295	6.94924968	112.58708401
0.00165624	-0.00065132	7.20166009	115.01099194
0.00170989	-0.00067317	7.46810061	117.57819661
0.00126112	-0.00049706	7.72705857	120.30624151
0.00110895	-0.00043757	8.11770427	123.05590421
0.00162522	-0.00064200	8.29203832	125.88084788
0.00145984	-0.00057732	8.60083755	129.04533313
0.00141590	-0.00056057	8.96513338	132.31043791
0.00147014	-0.00058269	9.35520532	135.69965690
0.00214707	-0.00085195	9.74976432	139.35201954
0.00211268	-0.00083925	10.24477805	143.25914622
0.00231384	-0.00092018	10.80673628	147.31122233
0.00294949	-0.00117428	11.48767245	151.44411064
0.00300498	-0.00119771	12.06732125	155.99195292
0.00244986	-0.00097754	12.87535081	160.68924109
0.00228079	-0.00091109	13.59272814	165.78289952
0.00273776	-0.00109485	14.58484798	171.21486945
0.00191445	-0.00076645	15.56323961	176.81855279
0.00147872	-0.00059267	16.66486295	183.04040244
0.00196877	-0.00078996	17.99726661	189.63328766
0.00147233	-0.00059142	19.44458908	196.55484743
0.00082651	-0.00033237	21.14490557	204.16767546
0.00058042	-0.00023366	23.03000020	212.41173643
0.00100556	-0.00040526	25.37535742	221.01977934
0.00118373	-0.00047760	28.01697249	230.42190166
0.00100093	-0.00040429	30.90025373	240.57297675
0.00113743	-0.00045993	34.15196167	251.37272612
0.00033792	-0.00013679	37.78118526	263.53560714
0.00109807	-0.00044500	42.13006309	276.90420000
0.00128158	-0.00051994	47.41358725	291.49792870
0.00116592	-0.00047354	53.61501573	307.88130972
0.00202635	-0.00082391	61.62883229	325.69261521
0.00209631	-0.00085329	71.03542794	345.24676319
0.00172684	-0.00070367	82.71882576	366.97649994
0.00212038	-0.00086498	96.56849930	390.76819308
0.00111656	-0.00045599	113.82725144	417.28296574
0.00124295	-0.00050816	135.12932620	446.25096412
0.00131561	-0.00053845	161.59400231	478.53014436
0.00037139	-0.00015217	194.78827332	514.30796073
0.00097214	-0.00039875	236.12560203	553.67919234
0.00111710	-0.00045871	289.54974085	597.61348980
0.00186195	-0.00076540	361.65055891	645.94220748
0.00029360	-0.00012082	461.15321027	692.35776420
0.00065754	-0.00027089	595.19981280	726.28987475
0.00027539	-0.00011358	768.31879023	729.45117864
0.00105400	-0.00043516	976.36873475	674.18108567
0.00110667	-0.00045740	1191.99746321	528.83067218
0.00180504	-0.00074686	1359.68902006	279.01693914
0.00131344	-0.00054405	1416.28245133	-42.35522975
0.00137571	-0.00057046	1326.78806763	-350.16158416
0.00211880	-0.00087954	1139.99904882	-574.78685255
0.00186044	-0.00077313	922.11830125	-695.36325578
0.00227416	-0.00094608	721.39863020	-732.90505840
0.00200179	-0.00083367	558.19928265	-719.92743062
0.00114991	-0.00047941	433.48754413	-681.41318283
0.00183868	-0.00076739	341.41663024	-633.62849041
0.00113338	-0.00047354	274.84147384	-586.09265079
0.00181895	-0.00076080	224.76463539	-543.35580065
0.00107033	-0.00044816	185.70199875	-505.20928557
0.00175120	-0.00073404	154.52630878	-470.28365177
0.00054477	-0.00022859	129.55024471	-438.71968689
0.00097039	-0.00040763	109.19948000	-410.37625595
0.00057002	-0.00023970	92.85021347	-384.51814588
0.00056528	-0.00023797	79.57835937	-361.44567802
0.00022382	-0.00009432	68.59320695	-340.17461890
0.00071172	-0.00030025	59.58755916	-321.10584547
0.00037158	-0.00015693	51.93242183	-303.54873644
0.00132039	-0.00055823	46.05515216	-287.69328063
0.00083520	-0.00035348	40.95040968	-273.39429725
0.00135787	-0.00057530	36.77609085	-260.38613460
0.00046513	-0.00019728	33.35080548	-248.57388080
0.00056066	-0.00023805	30.09490501	-237.96409280
0.00064703	-0.00027501	27.32772404	-228.08230314
0.00067900	-0.00028891	24.84681489	-218.82475137
0.00017232	-0.00007340	22.49996083	-210.27424677
0.00026634	-0.00011356	20.70911273	-202.26540011
0.00155385	-0.00066326	19.13203833	-194.76880237
0.00108293	-0.00046274	17.65515569	-187.94635370
0.00072361	-0.00030953	16.37193709	-181.46313048
0.00037120	-0.00015895	15.36508905	-175.37062848
0.00073924	-0.00031689	14.33311403	-169.84838894
0.00183599	-0.00078786	13.40599207	-164.46791468
0.00148261	-0.00063689	12.71632949	-159.51635192
0.00108899	-0.00046830	11.90947888	-154.81562284
0.00050960	-0.00021937	11.37413832	-150.40365168
0.00112094	-0.00048306	10.66436329	-146.25441801
0.00125065	-0.00053952	10.10080469	-142.27593258
0.00091492	-0.00039510	9.65929969	-138.43712081
0.00089104	-0.00038520	9.29557433	-134.84575908
0.00120253	-0.00052040	8.89573209	-131.47901836
0.00079187	-0.00034305	8.53661430	-128.24878222
0.00133779	-0.00058016	8.28386051	-125.11319419
0.00115276	-0.00050044	8.03494481	-122.37042806
0.00070977	-0.00030845	7.64986912	-119.60272265
0.00110755	-0.00048182	7.41215664	-116.94030406
0.00094644	-0.00041217	7.16443353	-114.39488331
0.00151817	-0.00066184	6.89239469	-111.98722424
0.00036677	-0.00016006	6.70465004	-109.60772008
0.00099059	-0.00043275	6.45844960	-107.39073709
0.00118543	-0.00051841	6.26038677	-105.22583869
0.00200174	-0.00087631	6.09361323	-103.15036464
0.00058892	-0.00025808	5.92821786	-101.14763344
0.00179732	-0.00078846	5.73963853	-99.25309571
0.00181627	-0.00079761	5.57984037	-97.40488815
0.00133997	-0.00058906	5.46003805	-95.60632352
0.00058954	-0.00025943	5.35302028	-93.88660932
0.00195344	-0.00086053	5.20522150	-92.22725168
0.00237762	-0.00104848	5.08840698	-90.55418401
0.00227912	-0.00100608	5.02946881	-89.02302558
0.00164724	-0.00072790	4.86919458	-87.44439654
0.00211526	-0.00093569	4.87868711	-85.99859253
0.00138207	-0.00061199	4.78663709	-84.59783313
0.00151886	-0.00067327	4.74716983	-83.25372981
0.00174499	-0.00077430	4.72620552	-81.91903150
0.00092321	-0.00041008	4.65941341	-80.67517021
0.00170180	-0.00075670	4.61110622	-79.43424092
0.00115384	-0.00051358	4.62714319	-78.21571436
0.00030600	-0.00013634	4.56270561	-77.07613490
0.00041963	-0.00018717	4.59233714	-76.01054710
0.00083438	-0.00037254	4.56773909	-74.95556962
0.00026623	-0.00011899	4.53313774	-73.94790012
0.00044474	-0.00019898	4.44922093	-72.89819554
0.00069457	-0.00031108	4.47961444	-71.94736830
0.00075699	-0.00033938	4.40430301	-71.04559115
0.00134530	-0.00060376	4.36483948	-70.06070551
0.00104556	-0.00046972	4.33273677	-69.17544307
0.00169539	-0.00076243	4.29741466	-68.36271682
0.00073566	-0.00033117	4.25610870	-67.48365397
0.00181216	-0.00081662	4.21304763	-66.71189448
0.00096885	-0.00043704	4.16579649	-65.90142335
0.00082312	-0.00037168	4.05562389	-65.11671336
0.00136630	-0.00061759	4.04904913	-64.32622682
0.00173821	-0.00078650	3.90947532	-63.54160719
0.00109239	-0.00049479	3.98805822	-62.74751325
0.00144919	-0.00065706	3.82444075	-62.07975456
0.00111983	-0.00050825	3.83697842	-61.35875445
0.00101779	-0.00046241	3.76005836	-60.62686892
0.00097136	-0.00044177	3.78458917	-59.96515728
0.00089405	-0.00040702	3.75363298	-59.30529597
0.00090033	-0.00041030	3.71309117	-58.62679811
0.00070048	-0.00031955	3.69746861	-57.99844584
0.00042950	-0.00019613	3.64032505	-57.40841901
0.00044253	-0.00020229	3.61299921	-56.74807367
0.00075122	-0.00034374	3.61457113	-56.16012460
0.00062842	-0.00028784	3.63654796	-55.48891221
0.00149162	-0.00068390	3.65097330	-55.01773292
0.00045098	-0.00020698	3.57875157	-54.51583086
0.00100087	-0.00045982	3.59152436	-53.93552101
0.00060165	-0.00027669	3.53823673	-53.48161650
0.00137861	-0.00063465	3.46314368	-52.93827624
0.00190886	-0.00087964	3.39106721	-52.51386688
0.00111713	-0.00051532	3.39050619	-51.89805069
0.00194479	-0.00089801	3.38648953	-51.47353066
0.00221402	-0.00102335	3.27542594	-50.95840624
0.00110142	-0.00050961	3.20846300	-50.50096234
0.00096478	-0.00044683	3.31087114	-49.95286870
0.00139856	-0.00064839	3.14165161	-49.55096290
0.00218581	-0.00101439	3.18127419	-49.01913259
0.00042802	-0.00019883	3.08418783	-48.64176539
0.00128826	-0.00059906	3.08723147	-48.13957205
0.00095994	-0.00044683	3.12955048	-47.68912739
0.00082910	-0.00038632	3.03349533	-47.24179588
0.00055952	-0.00026096	3.15059668	-46.89681864
0.00041501	-0.00019376	3.05034769	-46.36866660
0.00022237	-0.00010392	3.08764301	-46.02308502
0.00040291	-0.00018849	3.05335666	-45.62473692
0.00065784	-0.00030805	3.02995003	-45.30394157
0.00032539	-0.00015253	3.01391178	-44.88752257
0.00046221	-0.00021688	3.04351624	-44.49758873
0.00035794	-0.00016812	3.01438304	-44.19595411
0.00031481	-0.00014801	2.97656114	-43.79058664
0.00125111	-0.00058880	2.93698470	-43.43942160
0.00159366	-0.00075076	2.93922962	-43.11678465
0.00079206	-0.00037350	2.90544685	-42.79579735
0.00132297	-0.00062448	2.86134694	-42.41873192
0.00140034	-0.00066165	2.85226194	-42.08362231
0.00091832	-0.00043433	2.86102274	-41.76433073
0.00110909	-0.00052508	2.81084522	-41.39020722
0.00090401	-0.00042842	2.81033598	-41.05685776
0.00072194	-0.00034247	2.79782669	-40.74661685
0.00074907	-0.00035569	2.80916124	-40.49220553
0.00019215	-0.00009133	2.76534348	-40.16008333
0.00022773	-0.00010835	2.79891365	-39.85784895
0.00091041	-0.00043359	2.75272643	-39.59196270
0.00060455	-0.00028821	2.65933186	-39.31466654
0.00158199	-0.00075492	2.63291802	-38.94173041
0.00074770	-0.00035715	2.65360234	-38.60672364
0.00065189	-0.00031169	2.68545311	-38.35586050
0.00076734	-0.00036726	2.63835353	-38.06405567
0.00167966	-0.00080469	2.65765631	-37.76327619
0.00158047	-0.00075792	2.69014268	-37.46366444
0.00085187	-0.00040892	2.72204298	-37.19663475
0.00060380	-0.00029012	2.75057947	-36.99814537
0.00121119	-0.00058254	2.74884856	-36.81793033
0.00117850	-0.00056738	2.69985436	-36.60094088
0.00108528	-0.00052301	2.71071004	-36.33652530
0.00099164	-0.00047835	2.63314145	-36.12324548
0.00042870	-0.00020700	2.64330533	-35.86699576
0.00044276	-0.00021400	2.61335289	-35.64885631
0.00072877	-0.00035258	2.54681573	-35.40294869
0.00048700	-0.00023584	2.52347783	-35.13590784
0.00018876	-0.00009150	2.48174960	-34.88254187
0.00062031	-0.00030099	2.49900392	-34.63226978
0.00130143	-0.00063210	2.48015691	-34.43048856
0.00153236	-0.00074499	2.45470555	-34.17592322
0.00165288	-0.00080437	2.47694069	-33.94396961
0.00096604	-0.00047058	2.48688693	-33.72055987
0.00097050	-0.00047321	2.46504114	-33.53653455
0.00155108	-0.00075704	2.42053995	-33.27177702
0.00138817	-0.00067818	2.42972125	-33.04043702
0.00093621	-0.00045783	2.44003433	-32.83720793
0.00211815	-0.00103683	2.41504836	-32.64220589
0.00185188	-0.00090737	2.43546922	-32.44795228
0.00139501	-0.00068418	2.41306085	-32.22205466
0.00098867	-0.00048536	2.37466179	-32.01152227
0.00063716	-0.00031310	2.39643805	-31.81384092
0.00102011	-0.00050177	2.39800494	-31.62255193
0.00119362	-0.00058768	2.41882261	-31.42227384
0.00069426	-0.00034215	2.38900512	-31.23065091
0.00095718	-0.00047218	2.40457813	-31.04163105
0.00115372	-0.00056969	2.43113855	-30.87234679
0.00187930	-0.00092886	2.42205652	-30.68284954
0.00151432	-0.00074919	2.38450211	-30.47417080
0.00214183	-0.00106066	2.37570537	-30.33773389
0.00155305	-0.00076983	2.37547689	-30.14493429
0.00148010	-0.00073438	2.33244570	-29.94108585
0.00168669	-0.00083769	2.35350874	-29.77199474
0.00229564	-0.00114122	2.35691625	-29.61740137
0.00215167	-0.00107068	2.36638824	-29.41962026
0.00203293	-0.00101256	2.38339629	-29.23315733
0.00158793	-0.00079168	2.38800955	-29.06970553
0.00157797	-0.00078747	2.41644922	-28.94511649
0.00162139	-0.00080991	2.43990977	-28.79236902
0.00163438	-0.00081719	2.41537010	-28.60973360
0.00208161	-0.00104180	2.45839740	-28.47680651
0.00144837	-0.00072557	2.42323947	-28.35009570
0.00134756	-0.00067572	2.44983338	-28.17702557
0.00125590	-0.00063036	2.47202037	-28.07108487
0.00066518	-0.00033418	2.45745861	-27.93175210
0.00128256	-0.00064497	2.44124557	-27.80436800
0.00124559	-0.00062698	2.42904975	-27.70199677
0.00109844	-0.00055343	2.41500281	-27.60519941
0.00145741	-0.00073500	2.36324685	-27.45462695
0.00156645	-0.00079075	2.34344085	-27.29630837
0.00178071	-0.00089976	2.32565653	-27.15074445
0.00178249	-0.00090152	2.29695862	-26.99824917
0.00243441	-0.00123241	2.29425091	-26.89018045
0.00173257	-0.00087794	2.26877310	-26.71275544
0.00223938	-0.00113583	2.26382859	-26.59269568
0.00226325	-0.00114903	2.22279404	-26.41995961
0.00185634	-0.00094334	2.19260461	-26.23746655
0.00118654	-0.00060354	2.20137244	-26.10714012
0.00145095	-0.00073874	2.16779979	-25.96139295
0.00137733	-0.00070192	2.17157715	-25.79467766
0.00158444	-0.00080823	2.20238837	-25.63436279
0.00076906	-0.00039267	2.20686642	-25.54046758
0.00102874	-0.00052576	2.21392398	-25.36324022
0.00199070	-0.00101836	2.23645234	-25.20820202
0.00160619	-0.00082243	2.23347218	-25.09157926
0.00150570	-0.00077171	2.30587200	-24.93082620
0.00146121	-0.00074961	2.36456970	-24.84817743
0.00156450	-0.00080336	2.43722811	-24.73465886
0.00150570	-0.00077390	2.47074916	-24.67769672
0.00135147	-0.00069528	2.44268156	-24.63422957
0.00189304	-0.00097481	2.43227092	-24.61460929
0.00180578	-0.00093076	2.41179750	-24.54227307
0.00183292	-0.00094563	2.31380154	-24.49399152
0.00187564	-0.00096859	2.28780903	-24.33775472
0.00140516	-0.00072631	2.22543434	-24.24175264
0.00083662	-0.00043285	2.17782713	-24.11475021
0.00074198	-0.00038424	2.15901917	-23.97862053
0.00121194	-0.00062821	2.12469015	-23.84075341
0.00092395	-0.00047938	2.13239876	-23.72394299
0.00172761	-0.00089719	2.13053262	-23.57461624
0.00144352	-0.00075035	2.12513471	-23.46479561
0.00186294	-0.00096928	2.12818725	-23.34753035
0.00166921	-0.00086930	2.10747569	-23.26194422
0.00235149	-0.00122577	2.12943526	-23.10435851
0.00177160	-0.00092435	2.12129192	-23.00494212
0.00183687	-0.00095930	2.12329980	-22.91031000
0.00175607	-0.00091796	2.13631910	-22.79050513
0.00232313	-0.00121552	2.11307701	-22.72213097
0.00192809	-0.00100976	2.12485248	-22.64221975
0.00255674	-0.00134025	2.08703467	-22.52578058
0.00165268	-0.00086714	2.06289090	-22.41642388
0.00169499	-0.00089018	2.05898799	-22.31673921
0.00153690	-0.00080790	2.07973433	-22.22253120
0.00259483	-0.00136529	2.05736577	-22.11002587
0.00127486	-0.00067140	2.08126752	-22.03087081
0.00155513	-0.00081977	2.08979579	-21.88141252
0.00176342	-0.00093043	2.04655055	-21.82897081
0.00110913	-0.00058575	2.07543795	-21.75993190
0.00154528	-0.00081685	2.06374882	-21.65778905
0.00178379	-0.00094380	2.04815563	-21.55549777
0.00183236	-0.00097040	2.02827364	-21.49573124
0.00131301	-0.00069601	2.03479586	-21.35721866
0.00204829	-0.00108677	2.02083406	-21.29637329
0.00163955	-0.00087071	2.02131229	-21.16858054
0.00223377	-0.00118737	2.00507975	-21.09360747
0.00225387	-0.00119917	2.01507780	-21.01020132
0.00240362	-0.00128002	2.01928073	-20.92933475
0.00163357	-0.00087075	1.99630198	-20.84936905
0.00235858	-0.00125836	2.02070594	-20.78364254
0.00222421	-0.00118777	1.98023786	-20.65472203
0.00126420	-0.00067573	1.93171790	-20.56990084
0.00299450	-0.00160207	1.97102275	-20.50907993
0.00218326	-0.00116913	1.95636917	-20.39380980
0.00231259	-0.00123953	1.94856461	-20.32172389
0.00111780	-0.00059968	1.94186148	-20.20061276
0.00072815	-0.00039100	1.91905018	-20.13637848
0.00225442	-0.00121169	1.94433598	-20.05783240
0.00206180	-0.00110918	1.94894305	-19.96587022
0.00219746	-0.00118325	1.91809466	-19.90104840
0.00276378	-0.00148956	1.92713639	-19.80096806
0.00179762	-0.00096973	1.92916928	-19.71335817
0.00290409	-0.00156806	1.95161747	-19.61242711
0.00273627	-0.00147880	1.96915732	-19.54343172
0.00315442	-0.00170635	1.96780315	-19.47084140
0.00217381	-0.00117697	1.95103792	-19.41183700
0.00207358	-0.00112373	1.92745410	-19.35579204
0.00233129	-0.00126455	1.96199785	-19.26138972
0.00248095	-0.00134696	1.89349220	-19.22370006
0.00273833	-0.00148806	1.90631542	-19.10830278
0.00270206	-0.00146969	1.91599123	-19.02553711
0.00239844	-0.00130574	1.88541587	-18.94479367
0.00176658	-0.00096263	1.88462650	-18.82506721
0.00212774	-0.00116049	1.90639303	-18.76810968
0.00103913	-0.00056727	1.92276530	-18.68968621
0.00149338	-0.00081599	1.93118187	-18.61232786
0.00233452	-0.00127675	1.93785430	-18.53662082
0.00119239	-0.00065271	1.96833508	-18.50697470
0.00221739	-0.00121491	1.93873009	-18.43411293
0.00198252	-0.00108721	1.93118653	-18.32750610
0.00167355	-0.00091860	1.94646431	-18.29060020
0.00219574	-0.00120633	1.93188688	-18.24541175
0.00174532	-0.00095974	1.88819530	-18.18125965
0.00173637	-0.00095569	1.90300032	-18.10022752
0.00157724	-0.00086889	1.91079136	-18.03775333
0.00283036	-0.00156064	1.92650248	-17.95972070
0.00203098	-0.00112089	1.90675105	-17.92102378
0.00244761	-0.00135205	1.90471639	-17.83623474
0.00178080	-0.00098460	1.86435135	-17.79999807
0.00100001	-0.00055340	1.86267534	-17.68046751
0.00147141	-0.00081501	1.87554581	-17.64102319
0.00124060	-0.00068779	1.86652321	-17.54236626
0.00144680	-0.00080283	1.87820524	-17.47417807
0.00135001	-0.00074980	1.87824237	-17.38021296
0.00226194	-0.00125742	1.89556590	-17.29739758
0.00119960	-0.00066746	1.92364481	-17.27304459
0.00124143	-0.00069136	1.91407835	-17.19687443
0.00138608	-0.00077262	1.96746217	-17.14171571
0.00062621	-0.00034937	1.96258016	-17.12804375
0.00162344	-0.00090655	1.96079439	-17.07672953
0.00081626	-0.00045622	1.94947023	-17.02615976
0.00071678	-0.00040098	1.91020254	-16.97786323
0.00171295	-0.00095913	1.89757208	-16.91862690
0.00087146	-0.00048839	1.90729243	-16.86137837
0.00070108	-0.00039326	1.89394944	-16.82697409
0.00139586	-0.00078369	1.90701164	-16.72442951
0.00094465	-0.00053084	1.89965911	-16.67049053
0.00039249	-0.00022076	1.88318000	-16.65281932
0.00096866	-0.00054531	1.87824057	-16.59618589
0.00140829	-0.00079351	1.88501261	-16.50076907
0.00111888	-0.00063101	1.87791946	-16.44295970
0.00136058	-0.00076801	1.88822219	-16.38730932
0.00118785	-0.00067111	1.88264998	-16.33915782
0.00052927	-0.00029929	1.86520266	-16.31146126
0.00062011	-0.00035097	1.85702429	-16.22530449
0.00071699	-0.00040617	1.85414043	-16.19968722
0.00152933	-0.00086713	1.83578539	-16.12652916
0.00161900	-0.00091879	1.79714924	-16.07149787
0.00164168	-0.00093250	1.85883441	-16.01026700
0.00130410	-0.00074141	1.81007138	-15.94093484
0.00146287	-0.00083241	1.81292909	-15.89855253
0.00067032	-0.00038177	1.81478141	-15.82507820
0.00116166	-0.00066220	1.83632811	-15.74490583
0.00168068	-0.00095892	1.83993234	-15.69311034
0.00062192	-0.00035515	1.85243267	-15.64580953
0.00108399	-0.00061958	1.87609873	-15.57475990
0.00104856	-0.00059986	1.86008640	-15.55742544
0.00172285	-0.00098649	1.85422047	-15.48649397
0.00162695	-0.00093240	1.86010945	-15.43697858
0.00133365	-0.00076499	1.84455657	-15.41628762
0.00225015	-0.00129185	1.85185245	-15.37976277
0.00114485	-0.00065786	1.86590183	-15.27130915
0.00107115	-0.00061606	1.85087149	-15.24958262
0.00176164	-0.00101408	1.84042203	-15.17806068
0.00174305	-0.00100427	1.87101550	-15.10913573
0.00152604	-0.00088002	1.87783817	-15.04718021
0.00224821	-0.00129762	1.89450790	-15.00175962
0.00157357	-0.00090904	1.95608283	-14.93071838
0.00146754	-0.00084854	1.96196326	-14.90219417
0.00257441	-0.00148985	2.00951063	-14.90941026
0.00147770	-0.00085592	2.06008527	-14.86741853
0.00175771	-0.00101901	2.07332245	-14.89202987
0.00180194	-0.00104558	2.10005354	-14.96184561
0.00150035	-0.00087135	2.05740735	-14.98526079
0.00163365	-0.00094960	1.97480727	-15.01040884
0.00180087	-0.00104773	1.93411900	-14.98588902
0.00242278	-0.00141079	1.83108979	-14.91743095
0.00210619	-0.00122753	1.76598232	-14.86990395
0.00177114	-0.00103316	1.73922018	-14.78574471
0.00144535	-0.00084386	1.72766286	-14.69084301
0.00138881	-0.00081156	1.73083205	-14.64975448
0.00109795	-0.00064216	1.70845673	-14.56539682
0.00164740	-0.00096437	1.68362302	-14.53750317
0.00280449	-0.00164316	1.69540853	-14.44924236
0.00092379	-0.00054173	1.69171792	-14.37687835
0.00155358	-0.00091185	1.69464780	-14.31578428
0.00168492	-0.00098980	1.69785721	-14.29871698
0.00219264	-0.00128920	1.69772103	-14.24121803
0.00117042	-0.00068877	1.68945609	-14.20272779
0.00182709	-0.00107615	1.71704418	-14.16695868
0.00187065	-0.00110278	1.69740528	-14.12149608
0.00087563	-0.00051665	1.71454762	-14.09973755
0.00190499	-0.00112499	1.67154008	-14.06337807
0.00093263	-0.00055125	1.68268499	-14.00876858
0.00148885	-0.00088078	1.71212168	-13.96820022
0.00175013	-0.00103626	1.66740286	-13.92006648
0.00138728	-0.00082213	1.65868723	-13.90904174
0.00074168	-0.00043992	1.63582284	-13.82521664
0.00070164	-0.00041653	1.61496709	-13.81490984
0.00086972	-0.00051677	1.60457182	-13.75268976
0.00125688	-0.00074746	1.56172562	-13.69456211
0.00087874	-0.00052304	1.58992610	-13.65007570
0.00148220	-0.00088300	1.58603866	-13.61823455
0.00142825	-0.00085160	1.59630685	-13.58732953
0.00102434	-0.00061130	1.56940316	-13.57860215
0.00079265	-0.00047345	1.56163266	-13.49915267
0.00093410	-0.00055842	1.57728178	-13.43606209
0.00091236	-0.00054590	1.54024098	-13.39619097
0.00165400	-0.00099051	1.56215799	-13.36413404
0.00150869	-0.00090427	1.52643396	-13.31889051
0.00104569	-0.00062731	1.52824244	-13.25941214
0.00132279	-0.00079423	1.49858371	-13.21894921
0.00126710	-0.00076146	1.51823929	-13.17389736
0.00101752	-0.00061200	1.52484048	-13.12114542
0.00139840	-0.00084182	1.52427492	-13.08763981
0.00159305	-0.00095983	1.51876911	-13.04850938
0.00120122	-0.00072438	1.51965125	-12.97495913
0.00057898	-0.00034945	1.49576993	-12.94534735
0.00151774	-0.00091683	1.50492914	-12.93350457
0.00160172	-0.00096840	1.50527213	-12.84635896
0.00192472	-0.00116469	1.52544433	-12.78812707
0.00134516	-0.00081469	1.51966070	-12.78884945
0.00122191	-0.00074069	1.51732395	-12.77007670
0.00139382	-0.00084563	1.49784339	-12.69184217
0.00084690	-0.00051426	1.51361758	-12.66063636
0.00161511	-0.00098158	1.51193005	-12.64242856
0.00172611	-0.00104995	1.51973447	-12.60996858
0.00120747	-0.00073510	1.53731544	-12.55913521
0.00089834	-0.00054738	1.50273295	-12.55089836
0.00158896	-0.00096903	1.48563128	-12.48759374
0.00158036	-0.00096462	1.48193822	-12.47475275
0.00109825	-0.00067093	1.46833275	-12.43744870
0.00120715	-0.00073809	1.47260694	-12.40017754
0.00102118	-0.00062492	1.50062528	-12.32102360
0.00113872	-0.00069745	1.50615261	-12.30113523
0.00198171	-0.00121481	1.50549080	-12.24098486
0.00134579	-0.00082570	1.49516242	-12.23398985
0.00115572	-0.00070969	1.49501382	-12.20973139
0.00142042	-0.00087299	1.47529091	-12.18270440
0.00216589	-0.00133229	1.47145453	-12.10925667
0.00115042	-0.00070826	1.50139186	-12.11626392
0.00191518	-0.00118010	1.46680995	-12.07045220
0.00113638	-0.00070082	1.47319622	-12.04083743
0.00164997	-0.00101843	1.48345213	-11.97274352
0.00217676	-0.00134474	1.48606665	-11.98235364
0.00148140	-0.00091595	1.47595702	-11.95774235
0.00187153	-0.00115816	1.45753072	-11.88837973
0.00167534	-0.00103764	1.47154183	-11.89374848
0.00149778	-0.00092846	1.48701248	-11.85504773
0.00129752	-0.00080501	1.46289829	-11.81250298
0.00137055	-0.00085105	1.46976093	-11.76570214
0.00127377	-0.00079163	1.45156700	-11.75645236
0.00172327	-0.00107191	1.43419109	-11.72769084
0.00240148	-0.00149504	1.44235474	-11.69782597
0.00130680	-0.00081424	1.42004609	-11.69124490
0.00215889	-0.00134632	1.41612596	-11.66002693
0.00193566	-0.00120814	1.40448712	-11.58987024
0.00167371	-0.00104553	1.41469556	-11.57109204
0.00179607	-0.00112293	1.42107597	-11.53002448
0.00171774	-0.00107487	1.45691213	-11.52762625
0.00161985	-0.00101448	1.40196013	-11.48870205
0.00243104	-0.00152381	1.44901208	-11.45338848
0.00171462	-0.00107566	1.41711478	-11.42437571
0.00148575	-0.00093288	1.38128235	-11.44587011
0.00162620	-0.00102193	1.35791590	-11.38005981
0.00124128	-0.00078071	1.34852636	-11.35272399
0.00176895	-0.00111353	1.34025062	-11.32781283
0.00243654	-0.00153508	1.34074450	-11.26947829
0.00147995	-0.00093320	1.34325963	-11.22742928
0.00180402	-0.00113851	1.31928015	-11.15509206
0.00210801	-0.00133149	1.30332154	-11.16225125
0.00156853	-0.00099158	1.34961582	-11.12649643
0.00210448	-0.00133151	1.36396185	-11.11835318
0.00169219	-0.00107157	1.33755218	-11.05105272
0.00163081	-0.00103357	1.33267332	-11.05310068
0.00197955	-0.00125566	1.29325203	-11.04583160
0.00209939	-0.00133281	1.31159040	-10.95555276
0.00225413	-0.00143226	1.30715507	-10.97163580
0.00228202	-0.00145121	1.31570912	-10.94426335
0.00096162	-0.00061204	1.26819994	-10.93886848
0.00174995	-0.00111474	1.29679971	-10.89541499
0.00130405	-0.00083140	1.26477269	-10.86344715
0.00045921	-0.00029301	1.27591954	-10.85894656
0.00195038	-0.00124557	1.23312943	-10.79864317
0.00090975	-0.00058149	1.23579543	-10.77244804
0.00098132	-0.00062776	1.21014856	-10.75288418
0.00148587	-0.00095133	1.19833257	-10.67812377
0.00138715	-0.00088888	1.17542023	-10.64679329
0.00169928	-0.00108980	1.18075459	-10.63906979
0.00148423	-0.00095269	1.16234683	-10.57762951
0.00177668	-0.00114136	1.14901437	-10.51428073
0.00168392	-0.00108269	1.12663050	-10.45043670
0.00156283	-0.00100568	1.14783726	-10.41405073
0.00220034	-0.00141711	1.12492990	-10.38715992
0.00232226	-0.00149689	1.15795987	-10.36665294
0.00037266	-0.00024041	1.16590482	-10.34741276
0.00166018	-0.00107193	1.15342460	-10.28832487
0.00139135	-0.00089911	1.16274529	-10.24613090
0.00181053	-0.00117097	1.16567797	-10.24517757
0.00153965	-0.00099662	1.17539618	-10.19288617
0.00155642	-0.00100832	1.16088182	-10.17807281
0.00153714	-0.00099666	1.16813470	-10.13225124
0.00155479	-0.00100896	1.16640934	-10.12039012
0.00192076	-0.00124750	1.17165701	-10.07381087
0.00136237	-0.00088558	1.16418144	-10.06759146
0.00204578	-0.00133093	1.16817819	-9.98472409
0.00099968	-0.00065091	1.17943297	-9.99441722
0.00160776	-0.00104772	1.17066248	-9.97886072
0.00185127	-0.00120741	1.17791106	-9.95728304
0.00183176	-0.00119569	1.17115680	-9.92394689
0.00182693	-0.00119354	1.16721171	-9.90391853
0.00233831	-0.00152891	1.19418709	-9.87965451
0.00223095	-0.00145993	1.16393221	-9.87282770
0.00190403	-0.00124704	1.15949487	-9.83236468
0.00206722	-0.00135505	1.13568314	-9.79398244
0.00122670	-0.00080477	1.11552325	-9.78544906
0.00148066	-0.00097219	1.13711226	-9.72882546
0.00192127	-0.00126255	1.11092381	-9.71886315
0.00149209	-0.00098133	1.10912764	-9.63276615
0.00085194	-0.00056078	1.09578042	-9.64127620
0.00114977	-0.00075745	1.12299584	-9.58203137
0.00139662	-0.00092084	1.12822275	-9.58282553
0.00113628	-0.00074982	1.13657147	-9.54322802
0.00119544	-0.00078952	1.13352052	-9.51778372
0.00158703	-0.00104901	1.10515005	-9.49536951
0.00162044	-0.00107199	1.11736180	-9.48451390
0.00222319	-0.00147196	1.14157011	-9.42585471
0.00224543	-0.00148793	1.12381886	-9.42538844
0.00199590	-0.00132367	1.10613899	-9.41063899
0.00223755	-0.00148518	1.09859924	-9.37032082
0.00155321	-0.00103180	1.09260834	-9.34795385
0.00180671	-0.00120120	1.07556459	-9.29143632
0.00181206	-0.00120576	1.08667766	-9.27547446
0.00154822	-0.00103105	1.12026880	-9.26527871
0.00234746	-0.00156462	1.06716609	-9.23410020
0.00131692	-0.00087848	1.08228592	-9.19535013
0.00210303	-0.00140404	1.08520054	-9.18217857
0.00161075	-0.00107627	1.07576785	-9.16591892
0.00153119	-0.00102396	1.07660554	-9.12020944
0.00105329	-0.00070496	1.09423948	-9.12365144
0.00194831	-0.00130506	1.04701588	-9.09069873
0.00097579	-0.00065417	1.07053943	-9.05854535
0.00082041	-0.00055046	1.06949676	-9.02614448
0.00095555	-0.00064166	1.04355280	-8.98051580
0.00108466	-0.00072896	1.04442171	-8.95208833
0.00112531	-0.00075691	1.06233331	-8.91541743
0.00112802	-0.00075936	1.05607105	-8.88870482
0.00132723	-0.00089421	1.03583317	-8.85604996
0.00124110	-0.00083687	1.07472638	-8.83331246
0.00199530	-0.00134654	1.07520448	-8.83346791
0.00138157	-0.00093313	1.06398464	-8.78327102
0.00127738	-0.00086348	1.07999496	-8.79569756
0.00123704	-0.00083690	1.06674154	-8.74624092
0.00079229	-0.00053645	1.07150746	-8.74811257
0.00171816	-0.00116431	1.06781145	-8.72618532
0.00088198	-0.00059817	1.06755108	-8.70806814
0.00070347	-0.00047749	1.06215607	-8.67800898
0.00121913	-0.00082819	1.04678058	-8.65767696
0.00160536	-0.00109147	1.05970999	-8.61011595
0.00115331	-0.00078477	1.06086020	-8.61746904
0.00051800	-0.00035276	1.04003556	-8.61274547
0.00137463	-0.00093691	1.03251685	-8.55674472
0.00051612	-0.00035207	1.03713213	-8.56065645
0.00070829	-0.00048355	1.01769951	-8.53534384
0.00063864	-0.00043636	1.00767733	-8.52828756
0.00140407	-0.00096014	0.97796510	-8.48588270
0.00095535	-0.00065383	0.98257979	-8.44989864
0.00058025	-0.00039744	0.98484212	-8.40845206
0.00127859	-0.00087649	0.98026141	-8.36759289
0.00120530	-0.00082693	0.97523422	-8.31103554
0.00095673	-0.00065693	0.97422519	-8.33437139
0.00152801	-0.00105006	0.99318515	-8.26210350
0.00142527	-0.00098026	0.98635455	-8.26983259
0.00152321	-0.00104848	1.00339613	-8.22614721
0.00118989	-0.00081972	0.98142904	-8.21281981
0.00059456	-0.00040993	0.99229389	-8.18890160
0.00090563	-0.00062491	1.00544440	-8.14453058
0.00028562	-0.00019725	0.98149803	-8.14250351
0.00069976	-0.00048365	0.98327403	-8.12792591
0.00090681	-0.00062727	0.96684609	-8.08363288
0.00043195	-0.00029904	0.98871372	-8.06240322
0.00072347	-0.00050127	0.97887581	-8.05712086
0.00121676	-0.00084374	0.96903747	-8.02043119
0.00009113	-0.00006325	0.95967172	-8.00165164
0.00112906	-0.00078421	0.96599641	-7.97544655
0.00131597	-0.00091478	0.98231296	-7.93837455
0.00210791	-0.00146649	0.95066719	-7.91911208
0.00137871	-0.00095997	0.98135147	-7.90769350
0.00075235	-0.00052427	0.95991372	-7.86440495
0.00116856	-0.00081497	0.97618014	-7.83595809
0.00067205	-0.00046908	0.98657136	-7.81977223
0.00143592	-0.00100307	0.99722034	-7.81757269
0.00099259	-0.00069395	0.97590213	-7.78551281
0.00034378	-0.00024054	0.97883949	-7.78526045
0.00073243	-0.00051290	0.96338990	-7.72986086
0.00126698	-0.00088795	0.94971418	-7.74522351
0.00132621	-0.00093022	0.97378161	-7.70447938
0.00051185	-0.00035931	0.97280066	-7.68172410
0.00096531	-0.00067819	0.97102794	-7.63687895
0.00137445	-0.00096642	0.96461564	-7.64728293
0.00010077	-0.00007091	0.96839563	-7.64059507
0.00078253	-0.00055112	0.97007854	-7.60074120
0.00084159	-0.00059320	0.96295223	-7.58752482
0.00107976	-0.00076169	0.98015807	-7.54667961
0.00162201	-0.00114514	0.97031296	-7.55801705
0.00126036	-0.00089054	0.96892961	-7.51919724
0.00110896	-0.00078420	0.97084304	-7.50485114
0.00065398	-0.00046284	0.99808110	-7.50506845
0.00136707	-0.00096830	0.98811440	-7.51469867
0.00085138	-0.00060353	0.95701202	-7.48100353
0.00123769	-0.00087809	0.92863688	-7.45303132
0.00130406	-0.00092593	0.93976583	-7.42254715
0.00137299	-0.00097566	0.92896712	-7.41900766
0.00202489	-0.00144008	0.93325953	-7.40457353
0.00126544	-0.00090069	0.89834302	-7.36532910
0.00106733	-0.00076030	0.90746818	-7.35076839
0.00232769	-0.00165946	0.91820831	-7.31964492
0.00111542	-0.00079585	0.91697396	-7.27713609
0.00139910	-0.00099907	0.87354559	-7.27843990
0.00162649	-0.00116238	0.87418258	-7.24432781
0.00121271	-0.00086738	0.85229505	-7.22390078
0.00132531	-0.00094868	0.86684862	-7.17469856
0.00174318	-0.00124881	0.89671885	-7.15716842
0.00128453	-0.00092098	0.86827255	-7.12267133
0.00087757	-0.00062971	0.84036239	-7.11761066
0.00146670	-0.00105330	0.86160702	-7.09320237
0.00133518	-0.00095962	0.88860169	-7.05070474
0.00225571	-0.00162254	0.89357770	-7.03097958
0.00119039	-0.00085694	0.87934343	-7.02198215
0.00168325	-0.00121272	0.88478008	-7.03581713
0.00158790	-0.00114495	0.89614041	-7.02365754
0.00114870	-0.00082894	0.89437646	-6.96828872
0.00180765	-0.00130551	0.85984657	-6.96168355
0.00208000	-0.00150342	0.86912318	-6.95193315
0.00105768	-0.00076511	0.88443921	-6.88452652
0.00178810	-0.00129452	0.86922955	-6.86657073
0.00235370	-0.00170538	0.88021095	-6.86957406
0.00211853	-0.00153622	0.86376483	-6.87654422
0.00205584	-0.00149197	0.88648268	-6.82580937
0.00216643	-0.00157349	0.87752705	-6.84004287
0.00126715	-0.00092109	0.88842231	-6.80404623
0.00148590	-0.00108097	0.84407838	-6.75414097
0.00131426	-0.00095687	0.86335297	-6.74952936
0.00179297	-0.00130646	0.89532573	-6.73273870
0.00194681	-0.00141970	0.88967707	-6.73180299
0.00231322	-0.00168825	0.85476394	-6.70955376
0.00161567	-0.00118011	0.88441476	-6.66816534
0.00182996	-0.00133771	0.83786577	-6.66021864
0.00198456	-0.00145189	0.87232868	-6.66716908
0.00171002	-0.00125205	0.86519818	-6.65419249
0.00158252	-0.00115963	0.81233723	-6.59686687
0.00205385	-0.00150621	0.85500280	-6.57961084
0.00206426	-0.00151507	0.83162500	-6.57742917
0.00156073	-0.00114642	0.82713554	-6.51525049
0.00217547	-0.00159926	0.83254474	-6.50148730
0.00173470	-0.00127626	0.83035870	-6.50017883
0.00188062	-0.00138473	0.84263217	-6.47660250
0.00193704	-0.00142741	0.81143918	-6.47925190
0.00194279	-0.00143281	0.79373188	-6.47345048
0.00195181	-0.00144061	0.82457369	-6.41374092
0.00168879	-0.00124748	0.81613887	-6.39992549
0.00214350	-0.00158464	0.84452345	-6.40220081
0.00170723	-0.00126312	0.81056104	-6.38204975
0.00174538	-0.00129239	0.79723954	-6.33763447
0.00189794	-0.00140648	0.81197678	-6.34150373
0.00166521	-0.00123500	0.80465217	-6.30032891
0.00194370	-0.00144271	0.79704050	-6.28024226
0.00118673	-0.00088155	0.81719454	-6.28426700
0.00192873	-0.00143388	0.79475089	-6.28642276
0.00163286	-0.00121490	0.76773446	-6.26605783
0.00193883	-0.00144371	0.79153994	-6.19827476
0.00194877	-0.00145227	0.76765626	-6.20475525
0.00203140	-0.00151506	0.76275319	-6.18877724
0.00176217	-0.00131532	0.77141415	-6.16517913
0.00206105	-0.00153964	0.78318464	-6.15185532
0.00112708	-0.00084262	0.76412649	-6.10283124
0.00194526	-0.00145546	0.77517437	-6.09564431
0.00135854	-0.00101729	0.78713953	-6.07412625
0.00234077	-0.00175419	0.77169598	-6.07931403
0.00104400	-0.00078301	0.75934886	-6.05475259
0.00166069	-0.00124652	0.78986524	-6.01797365
0.00172698	-0.00129731	0.77364628	-5.98115592
0.00259409	-0.00195025	0.75895700	-6.00163581
0.00194596	-0.00146415	0.76161998	-5.95765420
0.00182252	-0.00137237	0.77266731	-5.98556787
0.00128393	-0.00096758	0.76532146	-5.93051674
0.00170111	-0.00128299	0.74736514	-5.93420466
0.00172500	-0.00130205	0.74563563	-5.92248332
0.00145508	-0.00109918	0.74031445	-5.90538147
0.00143657	-0.00108607	0.74137195	-5.89216050
0.00177300	-0.00134149	0.70279046	-5.83907915
0.00196927	-0.00149117	0.72945783	-5.84854515
0.00203132	-0.00153939	0.72630315	-5.82190777
0.00132555	-0.00100533	0.71447694	-5.79206639
0.00133915	-0.00101646	0.73276714	-5.76442046
0.00144287	-0.00109606	0.70082531	-5.77012129
0.00141720	-0.00107741	0.70274399	-5.73733319
0.00152335	-0.00115903	0.69691595	-5.70777697
0.00135054	-0.00102838	0.70766186	-5.69222715
0.00127244	-0.00096968	0.69427746	-5.66667054
0.00146110	-0.00111433	0.70125231	-5.64195936
0.00160261	-0.00122323	0.66781153	-5.60833515
0.00219936	-0.00168005	0.68589058	-5.60945140
0.00070645	-0.00054007	0.70076506	-5.57292771
0.00113554	-0.00086879	0.67890506	-5.56039414
0.00163130	-0.00124910	0.69449242	-5.55654175
0.00106291	-0.00081452	0.71994460	-5.52033954
0.00063431	-0.00048646	0.68318241	-5.51423480
0.00146575	-0.00112501	0.70492347	-5.51513397
0.00120717	-0.00092727	0.70760608	-5.46273367
0.00106795	-0.00082099	0.71629427	-5.46490541
0.00163761	-0.00125991	0.71066132	-5.44802630
0.00068417	-0.00052679	0.70891404	-5.43477132
0.00092999	-0.00071664	0.64516056	-5.43887337
0.00042124	-0.00032486	0.68230040	-5.41062941
0.00083147	-0.00064173	0.65815038	-5.36768420
0.00038561	-0.00029785	0.66586689	-5.36372513
0.00041488	-0.00032072	0.65818515	-5.31677454
0.00046206	-0.00035747	0.66688234	-5.29556151
0.00069994	-0.00054194	0.68248769	-5.29677589
0.00057062	-0.00044216	0.69269961	-5.26222618
0.00027497	-0.00021324	0.67679703	-5.28039356
0.00102793	-0.00079777	0.68679870	-5.23908337
0.00100196	-0.00077824	0.67820998	-5.22202950
0.00114394	-0.00088922	0.65112022	-5.23908504
0.00084070	-0.00065401	0.67229972	-5.22705143
0.00082576	-0.00064290	0.66724410	-5.18917417
0.00078765	-0.00061372	0.64127146	-5.17375396
0.00081618	-0.00063645	0.63831034	-5.14926214
0.00070896	-0.00055327	0.65984431	-5.14415337
0.00086584	-0.00067625	0.63229018	-5.09955257
0.00053851	-0.00042092	0.60834290	-5.05684365
0.00112423	-0.00087944	0.61933988	-5.07065776
0.00055767	-0.00043659	0.62358014	-5.04026465
0.00012792	-0.00010022	0.65457313	-5.02517377
0.00025374	-0.00019896	0.63393751	-5.02332491
0.00010944	-0.00008588	0.63849303	-4.99850048
0.00076143	-0.00059799	0.61113231	-4.95634254
0.00058202	-0.00045746	0.61719024	-4.94893383
0.00094249	-0.00074136	0.67578448	-4.94354907
0.00066966	-0.00052717	0.61804377	-4.90891348
0.00060003	-0.00047273	0.62678744	-4.88494136
0.00081316	-0.00064115	0.64786253	-4.87119149
0.00118692	-0.00093658	0.64583510	-4.84551942
0.00073154	-0.00057770	0.64937935	-4.85126267
0.00029917	-0.00023644	0.65881378	-4.85307160
0.00004768	-0.00003772	0.63600175	-4.82038110
0.00017724	-0.00014030	0.59889515	-4.80562650
0.00060203	-0.00047693	0.63494527	-4.81333771
0.00060729	-0.00048147	0.61796851	-4.77265372
0.00037177	-0.00029498	0.61914685	-4.74545125
0.00047432	-0.00037664	0.62770844	-4.73954511
0.00057626	-0.00045795	0.59356755	-4.73976505
0.00037617	-0.00029918	0.63059924	-4.71645255
0.00005008	-0.00003986	0.62688610	-4.69300744
0.00025913	-0.00020642	0.57842556	-4.67047573
0.00012149	-0.00009686	0.61815041	-4.67019870
0.00095448	-0.00076152	0.61518180	-4.67356858
0.00112655	-0.00089950	0.58175136	-4.61625279
0.00041729	-0.00033345	0.60457929	-4.60547520
0.00038100	-0.00030469	0.60940247	-4.59278108
0.00046113	-0.00036907	0.59014458	-4.59878952
0.00069411	-0.00055596	0.55854596	-4.58585534
0.00039406	-0.00031588	0.59741629	-4.54950410
0.00044072	-0.00035356	0.58237779	-4.52899629
0.00032785	-0.00026322	0.53175293	-4.51339914
0.00037428	-0.00030073	0.52061199	-4.49241175
0.00020706	-0.00016650	0.55363468	-4.44526763
0.00021457	-0.00017268	0.53966870	-4.45134898
0.00024864	-0.00020025	0.53861693	-4.44035317
0.00018618	-0.00015007	0.54204391	-4.43361666
0.00048250	-0.00038921	0.53484047	-4.40067522
0.00100130	-0.00080834	0.52923404	-4.35543651
0.00085150	-0.00068794	0.55627693	-4.35588772
0.00111638	-0.00090266	0.54797579	-4.34849231
0.00119450	-0.00096658	0.54498579	-4.29767637
0.00038522	-0.00031196	0.51523669	-4.32307615
0.00033215	-0.00026920	0.48979758	-4.28296380
0.00077627	-0.00062963	0.53713420	-4.22939039
0.00078168	-0.00063452	0.52008462	-4.21981429
0.00068622	-0.00055746	0.51705983	-4.22220784
0.00008411	-0.00006838	0.55914164	-4.21153609
0.00009934	-0.00008083	0.53713873	-4.18511619
0.00032031	-0.00026082	0.57629895	-4.15180635
0.00048760	-0.00039736	0.55678207	-4.14625934
0.00033049	-0.00026953	0.57353050	-4.13964910
0.00037665	-0.00030742	0.55222369	-4.14719684
0.00055601	-0.00045417	0.54195628	-4.11454633
0.00127194	-0.00103978	0.56642060	-4.09736464
0.00070181	-0.00057416	0.56442599	-4.09855771
0.00060253	-0.00049332	0.51316110	-4.07572171
0.00060306	-0.00049415	0.51748181	-4.06997095
0.00118211	-0.00096938	0.54377585	-4.03856967
0.00105244	-0.00086371	0.53270138	-4.00890169
0.00097963	-0.00080459	0.55455503	-3.99305823
0.00103717	-0.00085251	0.51141425	-4.01057938
0.00092803	-0.00076340	0.53399299	-3.97505535
0.00094971	-0.00078185	0.50309998	-3.94346107
0.00116330	-0.00095844	0.48690251	-3.93786217
0.00090076	-0.00074271	0.51620569	-3.92652812
0.00100389	-0.00082839	0.50821074	-3.90960708
0.00074298	-0.00061357	0.49616913	-3.87954211
0.00116462	-0.00096252	0.51059634	-3.87083883
0.00075227	-0.00062222	0.48514234	-3.82368906
0.00047495	-0.00039314	0.49599830	-3.82676881
0.00019588	-0.00016227	0.52102420	-3.78338431
0.00068723	-0.00056975	0.50933300	-3.78675396
0.00074766	-0.00062034	0.51297382	-3.78311362
0.00049564	-0.00041156	0.50600401	-3.74815121
0.00050999	-0.00042380	0.50135236	-3.74089189
0.00071836	-0.00059742	0.51770606	-3.74974976
0.00048580	-0.00040433	0.52050548	-3.70044334
0.00065724	-0.00054744	0.49162650	-3.72318514
0.00064159	-0.00053482	0.50279345	-3.68901209
0.00058560	-0.00048853	0.48838027	-3.66971130
0.00027998	-0.00023375	0.47061242	-3.63501391
0.00076938	-0.00064285	0.50011544	-3.65056659
0.00055600	-0.00046493	0.47707073	-3.64140950
0.00062581	-0.00052371	0.47991295	-3.59215580
0.00039469	-0.00033055	0.48064215	-3.59892528
0.00012761	-0.00010696	0.47517373	-3.60735454
0.00029607	-0.00024835	0.46766190	-3.59366810
0.00054394	-0.00045662	0.46802087	-3.55098957
0.00069392	-0.00058297	0.44544585	-3.52993152
0.00074294	-0.00062465	0.47646256	-3.51331550
0.00058950	-0.00049602	0.45635913	-3.49616408
0.00070113	-0.00059041	0.46539779	-3.49922639
0.00100706	-0.00084869	0.45773298	-3.46461322
0.00044797	-0.00037782	0.43854878	-3.46053516
0.00062484	-0.00052739	0.45546947	-3.41592515
0.00083438	-0.00070481	0.46013781	-3.41033642
0.00072425	-0.00061225	0.46073501	-3.41682685
0.00071440	-0.00060440	0.46298989	-3.38106713
0.00147194	-0.00124626	0.45567532	-3.36714338
0.00032319	-0.00027385	0.46052753	-3.33209332
0.00058416	-0.00049537	0.46627223	-3.32286911
0.00077065	-0.00065402	0.46250077	-3.33678407
0.00039741	-0.00033753	0.42144721	-3.29197740
0.00071501	-0.00060774	0.43247136	-3.27616080
0.00066127	-0.00056250	0.45988840	-3.29796312
0.00047982	-0.00040847	0.46305510	-3.24626786
0.00064485	-0.00054939	0.43880958	-3.23120543
0.00068639	-0.00058523	0.44535570	-3.22630994
0.00099551	-0.00084945	0.45201838	-3.21021124
0.00097214	-0.00083016	0.45844722	-3.19598104
0.00041788	-0.00035712	0.44454354	-3.17949833
0.00117751	-0.00100710	0.42828727	-3.16546684
0.00000698	-0.00000597	0.43703585	-3.17109958
0.00113968	-0.00097625	0.43200063	-3.15653262
0.00071446	-0.00061248	0.41440602	-3.12265980
0.00078433	-0.00067290	0.40801924	-3.09589829
0.00065703	-0.00056413	0.41937674	-3.09055233
0.00065575	-0.00056346	0.42076182	-3.08123791
0.00055785	-0.00047972	0.42398402	-3.05842938
0.00130755	-0.00112528	0.42551024	-3.00665930
0.00091429	-0.00078745	0.41306580	-2.99924005
0.00091529	-0.00078892	0.42243837	-2.98227583
0.00028805	-0.00024847	0.41446717	-2.97454368
0.00024193	-0.00020885	0.41544423	-2.95791241
0.00092678	-0.00080069	0.38600210	-2.92436231
0.00096041	-0.00083038	0.41345504	-2.92789063
0.00012010	-0.00010392	0.42223244	-2.91325772
0.00051866	-0.00044914	0.41754121	-2.88967259
0.00042724	-0.00037026	0.42016047	-2.88866481
0.00051601	-0.00044754	0.42506616	-2.89007782
0.00093264	-0.00080951	0.43241348	-2.86603550
0.00120027	-0.00104261	0.42662194	-2.86924089
0.00083087	-0.00072229	0.40884967	-2.83189753
0.00099913	-0.00086924	0.40054018	-2.82534769
0.00126578	-0.00110207	0.39582532	-2.79013888
0.00108783	-0.00094787	0.41073816	-2.77493155
0.00165705	-0.00144497	0.40681722	-2.77179056
0.00126220	-0.00110151	0.38783267	-2.71223999
0.00134548	-0.00117509	0.40559505	-2.72906332
0.00121043	-0.00105797	0.36788124	-2.71170043
0.00089004	-0.00077853	0.39264558	-2.69476648
0.00094948	-0.00083117	0.37836949	-2.69313514
0.00070376	-0.00061654	0.38311624	-2.64061291
0.00087766	-0.00076949	0.36867641	-2.65472057
0.00153128	-0.00134359	0.38165198	-2.63561998
0.00084008	-0.00073768	0.40179982	-2.60482225
0.00131886	-0.00115900	0.40619649	-2.58871253
0.00109476	-0.00096281	0.39089118	-2.58001851
0.00106254	-0.00093520	0.37428521	-2.55249076
0.00107116	-0.00094351	0.36937368	-2.56152328
0.00072540	-0.00063945	0.39612881	-2.52367435
0.00102935	-0.00090808	0.36404873	-2.51859465
0.00067532	-0.00059622	0.38034391	-2.49868065
0.00097746	-0.00086364	0.35630880	-2.49902764
0.00069437	-0.00061399	0.36389242	-2.46767509
0.00047822	-0.00042319	0.37347425	-2.46124460
0.00070363	-0.00062314	0.38896372	-2.44212621
0.00091305	-0.00080923	0.35856609	-2.42458585
0.00200874	-0.00178170	0.35826908	-2.41220006
0.00120407	-0.00106881	0.34051232	-2.35448981
0.00091146	-0.00080969	0.37774306	-2.35822722
0.00074396	-0.00066140	0.37536541	-2.31876638
0.00099100	-0.00088172	0.36931610	-2.32300443
0.00147052	-0.00130936	0.40052383	-2.33332405
0.00048916	-0.00043589	0.40338763	-2.27566789
0.00028792	-0.00025676	0.36486972	-2.30626237
0.00062681	-0.00055941	0.37017841	-2.32499781
0.00085044	-0.00075958	0.37986804	-2.30082030
0.00159878	-0.00142907	0.34120219	-2.27605875
0.00088987	-0.00079602	0.37023410	-2.26938441
0.00121219	-0.00108519	0.34379435	-2.23042527
0.00072651	-0.00065089	0.29444190	-2.22044945
0.00060785	-0.00054500	0.35273887	-2.18926507
0.00062148	-0.00055765	0.33436669	-2.16453063
0.00039295	-0.00035287	0.31150250	-2.15665010
0.00122186	-0.00109807	0.32727651	-2.12256252
0.00074602	-0.00067096	0.34500996	-2.10767918
0.00065834	-0.00059256	0.33378935	-2.07533466
0.00041581	-0.00037455	0.37089990	-2.08125458
0.00131662	-0.00118690	0.34922982	-2.10201439
0.00079072	-0.00071336	0.36046899	-2.07675383
0.00058372	-0.00052702	0.33118085	-2.06042263
0.00098785	-0.00089258	0.32805235	-2.07007337
0.00069753	-0.00063075	0.33427724	-2.03599769
0.00011517	-0.00010423	0.33537273	-2.01923859
0.00081525	-0.00073833	0.34154769	-2.00083680
0.00035409	-0.00032093	0.32718587	-1.99711362
0.00037606	-0.00034110	0.32927489	-1.99006489
0.00078214	-0.00070999	0.34134050	-1.94737936
0.00046484	-0.00042228	0.31802069	-1.91565568
0.00043818	-0.00039837	0.34396308	-1.90813033
0.00068225	-0.00062074	0.33574473	-1.87923105
0.00033809	-0.00030784	0.34801259	-1.89513860
0.00025930	-0.00023629	0.31536245	-1.89176593
0.00015887	-0.00014489	0.31338978	-1.83041872
0.00032777	-0.00029914	0.30648023	-1.80603510
0.00021160	-0.00019326	0.31219690	-1.80804341
0.00071957	-0.00065773	0.33292347	-1.79076203
0.00047896	-0.00043814	0.30872819	-1.74787896
0.00025116	-0.00022993	0.32091350	-1.73216597
0.00008871	-0.00008127	0.35199841	-1.73280742
0.00041731	-0.00038262	0.32022833	-1.72732697
0.00093794	-0.00086064	0.31142664	-1.70498897
0.00078591	-0.00072170	0.33605231	-1.67652586
0.00042677	-0.00039220	0.34119686	-1.67581335
0.00065076	-0.00059851	0.34244422	-1.66436267
0.00020931	-0.00019265	0.34715211	-1.65644618
0.00101723	-0.00093699	0.31011620	-1.65998156
0.00018026	-0.00016617	0.32964229	-1.64096134
0.00070994	-0.00065495	0.33510541	-1.62383677
0.00022223	-0.00020518	0.32554295	-1.58861282
0.00038223	-0.00035317	0.31013567	-1.59898727
0.00029569	-0.00027342	0.33441799	-1.56162892
0.00010414	-0.00009637	0.33280559	-1.55445667
0.00037374	-0.00034612	0.32627483	-1.54021134
0.00048916	-0.00045336	0.30225676	-1.55276540
0.00064744	-0.00060051	0.31548849	-1.53917913
0.00034568	-0.00032087	0.32830035	-1.49692072
0.00012128	-0.00011266	0.30498036	-1.48440905
0.00077069	-0.00071649	0.31014711	-1.47758256
0.00068094	-0.00063354	0.30679270	-1.45528044
0.00039259	-0.00036554	0.29704073	-1.43739315
0.00063867	-0.00059512	0.30317591	-1.41715159
0.00066218	-0.00061750	0.30331401	-1.42402817
0.00060280	-0.00056256	0.30324492	-1.39107181
0.00072124	-0.00067362	0.29704295	-1.36928215
0.00009855	-0.00009211	0.26928781	-1.35455062
0.00059069	-0.00055254	0.28043486	-1.37213493
0.00046799	-0.00043810	0.31032376	-1.33101934
0.00066199	-0.00062018	0.26564629	-1.32001647
0.00114448	-0.00107302	0.28481891	-1.26535773
0.00050250	-0.00047149	0.28570568	-1.24805872
0.00061114	-0.00057386	0.31879507	-1.22460304
0.00057069	-0.00053629	0.29773952	-1.23309478
0.00097281	-0.00091488	0.32912193	-1.22468751
0.00021976	-0.00020683	0.31833961	-1.19629952
0.00013919	-0.00013110	0.31338282	-1.18148751
0.00033127	-0.00031226	0.31803841	-1.17884476
0.00093013	-0.00087743	0.32814228	-1.18033571
0.00099845	-0.00094260	0.29104661	-1.15628676
0.00068671	-0.00064880	0.32282961	-1.15642544
0.00082097	-0.00077625	0.30665219	-1.12050996
0.00031199	-0.00029522	0.32398920	-1.11423404
0.00064090	-0.00060691	0.30728816	-1.10151310
0.00061747	-0.00058518	0.30431296	-1.09752918
0.00054192	-0.00051398	0.29958493	-1.11135641
0.00082390	-0.00078201	0.30365931	-1.08146854
0.00077763	-0.00073866	0.30427642	-1.05122149
0.00089381	-0.00084967	0.29724141	-1.03700975
0.00031286	-0.00029764	0.29402906	-1.01732546
0.00119859	-0.00114116	0.27293637	-1.02026614
0.00105115	-0.00100154	0.29620818	-0.97540058
0.00075843	-0.00072320	0.26780989	-0.96916154
0.00045836	-0.00043740	0.27910182	-0.96014557
0.00049251	-0.00047035	0.25096783	-0.92905949
0.00066192	-0.00063263	0.28280937	-0.92071329
0.00014876	-0.00014229	0.30548851	-0.91002864
0.00080089	-0.00076662	0.28327319	-0.91182718
0.00081403	-0.00077980	0.26027979	-0.88574927
0.00056615	-0.00054276	0.28083286	-0.87068044
0.00104903	-0.00100646	0.28494599	-0.83778463
0.00127973	-0.00122873	0.29837297	-0.82865199
0.00097691	-0.00093871	0.31144796	-0.82684346
0.00080445	-0.00077358	0.24446302	-0.84651837
0.00122662	-0.00118046	0.26423508	-0.81128473
0.00026860	-0.00025869	0.26153399	-0.78164411
0.00058796	-0.00056670	0.25737841	-0.77841265
0.00010110	-0.00009752	0.25960870	-0.76757104
0.00128641	-0.00124181	0.24959594	-0.74802299
0.00063098	-0.00060957	0.25262672	-0.71474424
0.00031711	-0.00030659	0.22206766	-0.67119536
0.00064659	-0.00062560	0.23754435	-0.66531967
0.00028686	-0.00027776	0.24642943	-0.65414608
0.00054671	-0.00052978	0.23613505	-0.62957334
0.00059923	-0.00058112	0.22592526	-0.60957875
0.00041275	-0.00040058	0.25739148	-0.56660255
0.00062976	-0.00061167	0.24490116	-0.58726979
0.00059082	-0.00057428	0.26943858	-0.55478885
0.00019912	-0.00019369	0.27445628	-0.54810412
0.00031491	-0.00030657	0.26656507	-0.55537966
0.00062574	-0.00060963	0.24747567	-0.51879110
0.00031195	-0.00030416	0.24237587	-0.46509467
0.00084568	-0.00082518	0.24160975	-0.46635516
0.00036833	-0.00035968	0.25025026	-0.45966128
0.00090386	-0.00088329	0.28227287	-0.46384628
0.00064372	-0.00062955	0.25979308	-0.41154554
0.00053866	-0.00052721	0.26930104	-0.41568489
0.00139389	-0.00136532	0.28492554	-0.40267592
0.00038210	-0.00037456	0.27272375	-0.38793461
0.00041426	-0.00040639	0.31004226	-0.37792546
0.00063344	-0.00062189	0.29388126	-0.34675888
0.00086498	-0.00084985	0.31554351	-0.32716965
0.00083802	-0.00082400	0.28264589	-0.34868814
0.00036507	-0.00035924	0.29521756	-0.34537183
0.00079184	-0.00077979	0.27665623	-0.34356217
0.00070236	-0.00069220	0.29128891	-0.30184122
0.00090744	-0.00089500	0.26561167	-0.29692912
0.00127545	-0.00125893	0.28139839	-0.29572020
0.00057309	-0.00056610	0.23651844	-0.27674731
0.00098386	-0.00097261	0.25587560	-0.29573565
0.00083888	-0.00082992	0.24218501	-0.24964373
0.00076551	-0.00075792	0.26661230	-0.23998887
0.00084434	-0.00083660	0.23139083	-0.20056260
0.00036590	-0.00036282	0.25611657	-0.20293242
0.00042694	-0.00042368	0.23452708	-0.19718846
0.00084418	-0.00083837	0.24786208	-0.16936257
0.00100600	-0.00099985	0.23812483	-0.16336897
0.00090343	-0.00089859	0.21951221	-0.14226108
0.00097106	-0.00096660	0.24054104	-0.11248336
0.00032569	-0.00032444	0.21479609	-0.10808212
0.00076942	-0.00076707	0.22214166	-0.07960480
0.00079909	-0.00079725	0.24029579	-0.06165590
0.00094190	-0.00094045	0.21223940	-0.03978681
0.00104583	-0.00104503	0.22589462	-0.00304814
