jMRUI Data Textfile

Filename: /Users/Georg/Documents/MATLAB/osprey/exampledata/sdat/UnEdited/derivatives/jMRUIFiles/mrs_sub-01_ses-01_press_sub-01_PRESS_35_act_jMRUI_A.TXT

PointsInDataset: 2048
DatasetsInFile: 1
SamplingInterval: 5.000000E-01
ZeroOrderPhase: 0E+00
BeginTime: 0E+00
TransmitterFrequency: 1.277509E+08
MagneticField: 3.000467E+00
TypeOfNucleus: 0E+00
NameOfPatient: No Name
DateOfExperiment: 
Spectrometer: TrioTim
AdditionalInfo: jnear


Signal and FFT
sig(real)	sig(imag)	fft(real)	fft(imag)
Signal 1 out of 1 in file
0.05782515	0.01416723	-0.00964411	-0.01162836
0.08937124	-0.00458637	0.01750251	0.00096963
0.03001977	-0.05467926	-0.01189928	-0.00109779
-0.02828400	-0.05718510	0.00997683	-0.00111151
-0.04864481	-0.01268295	-0.00766206	-0.00206222
-0.01745396	0.02032722	0.00519625	-0.01391155
0.01180441	0.00419225	-0.00558421	-0.00888870
-0.00145080	-0.02287249	0.00510547	-0.00419665
-0.02878691	-0.01785132	0.00695560	-0.00737741
-0.03004023	0.01048489	0.00367420	0.00242613
-0.00802617	0.02459625	-0.00830505	0.00493225
0.00844675	0.01309727	0.00027854	-0.00146164
0.00507089	-0.00398361	-0.00118591	-0.00617758
-0.00506712	-0.00531623	-0.00144842	-0.01108224
-0.00957273	0.00152168	-0.00335084	-0.00041108
-0.01036664	0.00846182	-0.00626713	0.00893300
-0.00890627	0.01348693	-0.00391121	-0.00652761
0.00041499	0.01804939	0.00337378	0.00063342
0.01437338	0.01435204	0.00692794	0.00344301
0.02146624	0.00188045	-0.00729098	0.00899575
0.01410732	-0.00969284	-0.00997988	-0.01266042
0.00020611	-0.00940912	0.00582441	0.00987317
-0.00275257	-0.00075723	-0.00443978	-0.00259781
0.00758604	0.00103524	-0.00594483	0.00240468
0.01224080	-0.00995045	-0.00740709	0.00164929
0.00070520	-0.01619150	-0.00071616	0.00567680
-0.01175193	-0.00700388	0.00181630	0.00251800
-0.00851284	0.00625656	-0.00184814	0.00503730
0.00622564	0.00558764	0.00125146	0.00006038
0.01171942	-0.00638069	0.00762884	0.00036679
0.00122737	-0.01420778	-0.00121033	-0.00723071
-0.01009197	-0.00954927	-0.00850423	0.01048795
-0.01255912	-0.00061414	-0.00668622	0.00227433
-0.00940241	0.00288150	-0.00633638	0.00073661
-0.00554067	0.00565981	-0.00487911	-0.01044362
-0.00133540	0.00726224	-0.01413676	0.00999933
0.00163296	0.00507486	-0.01278652	0.01359090
0.00046334	-0.00007716	-0.01516214	0.02111867
-0.00462783	0.00130364	-0.00256185	0.01227019
-0.00346623	0.00850352	-0.00797635	0.00426667
0.00658558	0.01148616	0.00103074	-0.00311565
0.01341482	0.00296427	-0.00094376	0.00044937
0.00863672	-0.00786823	-0.00309838	-0.00407434
-0.00197324	-0.00900495	0.00339454	0.00393119
-0.00605665	0.00046783	-0.00233217	0.00960478
0.00044357	0.00683520	-0.01377863	0.00731197
0.00836316	0.00367204	-0.01328284	0.01054953
0.00874156	-0.00568112	-0.02021860	0.01578864
0.00169581	-0.01073223	-0.00692422	0.00006747
-0.00591800	-0.00863110	-0.01565390	0.00360158
-0.00968269	-0.00084809	-0.00852682	0.00879442
-0.00770439	0.00627762	-0.00516585	0.01447097
-0.00083403	0.00809897	-0.00377768	0.00346496
0.00539046	0.00447686	-0.00610801	0.01575019
0.00509741	-0.00129141	-0.00850143	0.01724275
0.00025524	-0.00184404	-0.00628692	0.00660773
-0.00289207	0.00180195	-0.01007988	0.01621206
-0.00022636	0.00437310	-0.01151800	0.01124720
0.00503564	0.00142928	0.01257310	0.00741933
0.00460019	-0.00367617	-0.01136235	0.01162067
-0.00106182	-0.00493615	0.01527105	0.01674957
-0.00608558	-0.00048614	-0.00501099	0.00305559
-0.00512836	0.00624357	-0.00129519	0.00326638
0.00056836	0.00838901	-0.00499544	0.02429008
0.00815927	0.00573259	0.00731609	0.00637607
0.01068896	-0.00135265	-0.01332613	0.01561292
0.00695391	-0.00748375	-0.02112051	0.01063139
-0.00051586	-0.00885415	-0.00219214	0.00995720
-0.00509988	-0.00431417	-0.00666194	-0.00464020
-0.00502055	-0.00058719	0.00359492	0.01711841
-0.00197214	0.00006599	0.00158592	-0.00037202
-0.00204853	-0.00151040	-0.00440719	0.01458667
-0.00506146	-0.00083948	0.00301236	0.00187279
-0.00551599	0.00363692	0.00990292	0.01487954
-0.00132916	0.00732015	0.00551999	-0.00390826
0.00441055	0.00644217	-0.00427234	0.00268311
0.00715553	0.00012545	-0.00570416	-0.00148168
0.00362962	-0.00605121	0.00442639	0.01964076
-0.00296869	-0.00619353	0.00102544	0.02018684
-0.00762458	-0.00087954	0.00234377	0.01630111
-0.00582900	0.00625465	0.00040501	0.00529147
0.00050961	0.00936169	-0.00522671	0.00380751
0.00649843	0.00544768	-0.00977491	0.00776217
0.00762158	-0.00010287	-0.01790486	0.01213499
0.00544591	-0.00310687	-0.00818056	0.01853065
0.00251313	-0.00311284	-0.02053041	0.00563595
0.00207320	-0.00277722	-0.00356333	0.00523374
0.00249722	-0.00425335	-0.02000361	0.00312233
0.00080536	-0.00633996	-0.01328316	0.01755041
-0.00419563	-0.00691134	-0.00219013	0.01790070
-0.00826809	-0.00316312	-0.02161323	0.01021183
-0.00850929	0.00277916	-0.01442299	0.01465289
-0.00491588	0.00694633	-0.00001204	0.01633402
0.00122162	0.00711803	0.00408876	0.01600167
0.00509506	0.00290380	-0.00182132	0.01245939
0.00345543	-0.00145619	-0.00000575	0.00328650
-0.00024251	-0.00214117	0.00067188	0.00616989
-0.00190864	0.00035048	0.00000723	0.00711688
-0.00059818	0.00236078	0.00106607	0.01943324
0.00178064	0.00158154	-0.00107382	0.00102223
0.00166774	-0.00058920	0.00552486	0.00724475
-0.00088764	-0.00167282	-0.01030656	0.03039671
-0.00246398	0.00098110	-0.01288770	0.00521334
-0.00092529	0.00434208	-0.00295087	0.00840273
0.00365609	0.00419058	-0.00497268	0.00740637
0.00702067	0.00029781	-0.01021759	0.00441352
0.00617343	-0.00531687	0.00531530	0.00722174
0.00064245	-0.00858979	-0.00159663	0.01841186
-0.00445994	-0.00599116	0.00363466	0.00908857
-0.00664085	-0.00084534	0.00042485	-0.00136245
-0.00424363	0.00257299	-0.01709648	0.01180184
-0.00087517	0.00218606	-0.00488343	0.01277181
0.00074664	0.00034246	-0.00502559	-0.00666067
-0.00057833	-0.00150797	-0.00594254	0.03027570
-0.00235837	-0.00048013	0.00353702	0.00953338
-0.00231573	0.00131025	-0.01351961	0.00604004
-0.00070342	0.00204415	-0.00205811	0.01465271
0.00018413	0.00084705	-0.01050764	0.01392773
-0.00044685	-0.00018585	0.00553302	0.01463352
-0.00177989	0.00026808	-0.00791905	0.02082750
-0.00217962	0.00267511	-0.00569814	0.00323309
0.00051978	0.00451349	-0.00642021	0.00988040
0.00416437	0.00323267	-0.00294014	0.02056713
0.00589997	-0.00037939	-0.00701509	0.02973698
0.00353684	-0.00423569	-0.01292517	0.00990973
-0.00048245	-0.00479960	-0.00546779	0.02536153
-0.00269653	-0.00225453	-0.00594229	0.02748985
-0.00167177	0.00075292	-0.00182067	0.02807820
0.00064819	0.00030014	-0.01087873	0.02376995
0.00109913	-0.00171114	-0.00329491	0.00796418
-0.00073489	-0.00328560	-0.01602023	0.01332145
-0.00308067	-0.00218152	0.00890804	0.01944872
-0.00402040	0.00041605	-0.01486539	0.01025051
-0.00218196	0.00224140	-0.00627587	0.01688173
0.00056643	0.00214762	0.00500542	0.02002575
0.00155202	-0.00000993	-0.00859007	0.01654126
-0.00032400	-0.00184342	-0.00226821	0.01788924
-0.00299416	-0.00063976	-0.00118672	0.00932264
-0.00289371	0.00260205	-0.00793130	0.00971591
-0.00033419	0.00477263	-0.00808896	0.01579734
0.00342688	0.00313519	-0.00336212	0.01402725
0.00468418	-0.00021404	-0.00262534	0.02979101
0.00250188	-0.00344940	-0.00187843	0.00834017
-0.00111285	-0.00387483	-0.00614476	0.03019461
-0.00274822	-0.00111708	0.00542401	0.00885896
-0.00251048	0.00143559	-0.00248647	0.02246810
-0.00043424	0.00186763	-0.00329510	0.01715394
0.00090320	0.00082117	-0.00437098	0.00877650
0.00038249	-0.00050341	-0.01278668	0.01160823
-0.00072347	0.00026264	-0.00569313	0.01679511
-0.00004569	0.00106122	0.00010483	0.01963542
0.00135796	0.00107939	-0.00220291	0.02228618
0.00276151	-0.00054395	-0.02300024	0.02165469
0.00182996	-0.00280473	-0.00703966	0.00528170
-0.00095220	-0.00327020	-0.00740640	0.01152906
-0.00382110	-0.00193023	-0.01183727	0.00650465
-0.00399383	0.00087423	0.00869650	0.02278571
-0.00212608	0.00268008	-0.00154258	0.01701258
0.00012597	0.00212934	-0.00889959	0.01605901
0.00070742	0.00088725	0.00446151	0.01848579
0.00015491	0.00027076	-0.02919297	0.02004544
-0.00017597	0.00028110	-0.01174942	0.02198038
0.00010883	0.00101126	-0.00357045	0.02040238
0.00115410	0.00059917	-0.00247181	0.00289927
0.00137023	-0.00048056	-0.00746591	0.02524103
0.00058726	-0.00158991	-0.00293466	0.02830345
-0.00124581	-0.00082939	-0.01058755	0.02588325
-0.00121973	0.00101859	-0.00590994	0.01237941
0.00063046	0.00223413	0.00201650	0.02195415
0.00296032	0.00136649	-0.01669182	0.01942031
0.00334832	-0.00175202	-0.01018020	0.01819472
0.00137390	-0.00402834	-0.01737140	0.03110715
-0.00152921	-0.00386734	-0.01125922	0.01707919
-0.00360531	-0.00176712	-0.01672724	0.02911659
-0.00313097	0.00098174	-0.00221413	0.02456548
-0.00162202	0.00174330	-0.00450372	0.01956734
-0.00029619	0.00141363	-0.01543842	0.02030275
-0.00017450	0.00081829	-0.02080704	0.01605277
-0.00049074	0.00139647	-0.01025799	0.00878910
-0.00001484	0.00253492	-0.00335583	0.00735910
0.00160513	0.00261733	-0.01052229	0.02462804
0.00332962	0.00120609	-0.01076926	0.02722609
0.00311306	-0.00149365	-0.01104377	0.03107813
0.00137098	-0.00335420	-0.01151166	0.01303457
-0.00219122	-0.00303498	-0.01347064	0.01640035
-0.00349629	-0.00030912	-0.00472959	0.02645352
-0.00224594	0.00246016	-0.00339873	0.01919922
0.00062679	0.00325117	-0.01423884	0.02904722
0.00240316	0.00139873	-0.00021620	0.03112903
0.00269173	-0.00063136	0.00015384	0.02226775
0.00050275	-0.00134604	-0.01052355	0.03260136
-0.00047604	-0.00109107	-0.01101566	0.03177557
-0.00012324	-0.00021549	0.00149394	0.01807706
0.00031232	0.00038177	0.00643982	0.02270013
0.00089123	-0.00087375	-0.00691394	0.01660173
-0.00030130	-0.00172358	-0.00731886	0.00782435
-0.00128108	-0.00095326	-0.01496730	0.01636166
-0.00162491	0.00075853	-0.01337041	0.03622128
-0.00048929	0.00115875	-0.00020738	0.01819534
0.00073721	0.00110387	-0.01011871	0.03219404
0.00114230	-0.00049862	-0.00610311	0.02411363
0.00032175	-0.00110732	-0.01140161	0.02855845
-0.00059144	-0.00099907	-0.00380911	0.03089960
-0.00104372	-0.00036353	-0.01824018	0.02767412
-0.00091751	0.00063681	-0.00804200	0.02951149
-0.00018462	0.00093412	-0.00115829	0.01884378
0.00042674	0.00083098	-0.01513567	0.03636982
0.00053612	0.00064043	-0.00972860	0.01661163
0.00060323	0.00049052	-0.01660339	0.03351826
0.00120249	0.00032555	-0.00960611	0.02978080
0.00205555	-0.00016529	-0.00601208	0.03107091
0.00159186	-0.00135008	-0.00519484	0.01089931
0.00073761	-0.00234924	-0.01350634	0.03701189
-0.00093753	-0.00222137	-0.00363222	0.04228841
-0.00169038	-0.00035694	0.00580798	0.02894023
-0.00117564	0.00043809	-0.00791390	0.02207853
-0.00025938	0.00087417	0.00185126	0.02395522
0.00034771	-0.00045321	-0.01823509	0.02741287
-0.00031838	-0.00094660	-0.00685784	0.02967447
-0.00130678	-0.00035629	-0.00550252	0.03340265
-0.00159937	0.00091480	-0.00889943	0.02442808
-0.00085174	0.00179142	-0.00656673	0.03244988
0.00091824	0.00164047	-0.01200466	0.02541422
0.00172753	0.00048392	-0.01590439	0.01658420
0.00149410	-0.00075618	-0.01627706	0.02969295
0.00022608	-0.00106432	-0.01149911	0.02423073
-0.00021970	-0.00054290	-0.01586664	0.03708674
0.00024724	-0.00015142	-0.01283200	0.02322727
0.00092326	-0.00030417	-0.01228006	0.02818266
0.00101637	-0.00104484	-0.02699906	0.03453410
-0.00002695	-0.00164106	-0.00797233	0.02686661
-0.00140729	-0.00158081	-0.01681414	0.01886919
-0.00174815	0.00004225	-0.00118696	0.02403795
-0.00112025	0.00135030	-0.00818360	0.02383325
0.00031850	0.00132912	-0.01141936	0.05441570
0.00139307	0.00060108	-0.00768808	0.01615088
0.00134733	-0.00076138	-0.00616855	0.03035221
0.00023752	-0.00101133	-0.01286553	0.01218791
-0.00045124	-0.00045425	-0.01764635	0.03433617
-0.00032785	-0.00035054	-0.00729348	0.02076894
-0.00030311	-0.00028317	0.00424693	0.04715131
-0.00003978	-0.00071789	-0.00054430	0.03571185
-0.00013392	-0.00077804	-0.00308913	0.02563615
-0.00100169	0.00022368	0.00841064	0.02819994
-0.00050762	0.00077433	-0.00011668	0.03904284
0.00023136	0.00088380	-0.00179439	0.01836225
0.00098109	0.00026352	-0.01256206	0.03469960
0.00121263	-0.00047099	-0.00261702	0.02312113
0.00060426	-0.00109591	-0.00707343	0.03910649
0.00001219	-0.00128356	-0.00177605	0.02529421
-0.00056301	-0.00052342	0.00421391	0.02766917
-0.00028215	0.00033505	-0.01065701	0.03976566
0.00011969	0.00019457	0.00059753	0.03249924
0.00018741	0.00036149	-0.00336828	0.03917474
0.00017838	0.00019061	-0.01945488	0.02900994
0.00044760	0.00032960	-0.00105821	0.02922833
0.00092114	-0.00001059	-0.01003535	0.02612852
0.00123641	-0.00015956	-0.01842065	0.03493571
0.00086909	-0.00122092	-0.00676523	0.04135946
-0.00004704	-0.00214875	-0.01409764	0.02919855
-0.00121138	-0.00135631	-0.00380918	0.01691426
-0.00177640	-0.00053256	-0.00485007	0.02334666
-0.00101422	0.00085518	-0.00246006	0.02243327
-0.00005643	0.00092750	-0.00560009	0.03057024
0.00073101	0.00025943	0.00057098	0.03709553
0.00102028	-0.00023961	0.00839525	0.03754042
0.00038584	-0.00038191	-0.00445770	0.03088458
-0.00013746	0.00012474	-0.01138348	0.02631155
0.00032399	0.00017779	-0.00688821	0.02939365
0.00107271	-0.00022222	-0.01170943	0.03991982
0.00071975	-0.00087550	0.00955811	0.04942073
0.00011533	-0.00125337	-0.01175570	0.02753845
-0.00038140	-0.00065695	-0.00416884	0.03938643
-0.00044507	-0.00012743	-0.01543568	0.02645032
0.00015256	0.00046450	-0.01675949	0.02709712
0.00118161	0.00015101	-0.00867467	0.03624108
0.00110813	-0.00068580	-0.00628605	0.03441505
0.00049940	-0.00117921	-0.00753412	0.02950561
-0.00040212	-0.00146442	-0.00802420	0.02922011
-0.00089602	-0.00054581	-0.00858885	0.01752823
-0.00053020	0.00048830	-0.01719248	0.01930977
0.00016481	0.00050423	-0.00828846	0.03011203
0.00059973	-0.00013064	-0.00508009	0.04181010
0.00045253	-0.00012992	-0.00208921	0.04306523
-0.00011931	-0.00019565	0.00432640	0.04391974
0.00009291	0.00022489	-0.00531813	0.03399118
0.00052234	0.00033215	-0.00829447	0.04936170
0.00075190	0.00003755	-0.00468209	0.01891186
0.00123726	-0.00049612	-0.01882554	0.03071211
0.00044552	-0.00104881	-0.00801557	0.03456391
-0.00024885	-0.00082847	-0.00872574	0.03624886
-0.00000678	-0.00022292	-0.00567720	0.03171038
0.00000930	0.00014756	-0.00398578	0.04086374
0.00072169	0.00008356	-0.01031546	0.04516862
0.00041146	-0.00066443	0.00208969	0.05330159
0.00037303	-0.00072851	-0.00551179	0.03594366
-0.00051426	-0.00082719	-0.00314953	0.03936750
-0.00024585	-0.00035977	0.00205406	0.05233416
-0.00016580	0.00031095	0.00082586	0.03712508
0.00053080	0.00001248	-0.00372628	0.04260248
0.00030195	-0.00018110	0.00038522	0.03737021
0.00041699	-0.00015873	-0.00536299	0.04077449
0.00023252	-0.00038081	0.00001993	0.04398460
-0.00002659	0.00004778	-0.01408200	0.03181869
0.00016832	0.00043754	0.00347610	0.04842700
0.00051376	-0.00018392	-0.00834952	0.04365451
0.00069542	-0.00060913	-0.01668801	0.03593617
-0.00015691	-0.00078574	-0.00584379	0.03917136
-0.00009785	-0.00033244	-0.01137047	0.03045016
-0.00054166	0.00000737	-0.01171616	0.03346452
0.00033923	-0.00001228	0.00450109	0.04219732
0.00029060	-0.00046169	-0.00208728	0.01967717
0.00041559	-0.00097558	-0.00298895	0.04670443
0.00024359	-0.00049569	0.00098454	0.03824778
-0.00004845	-0.00022199	-0.01708836	0.04274903
-0.00013162	0.00014551	0.00008906	0.04245017
0.00019778	0.00006453	-0.01047200	0.03930594
0.00033205	-0.00021212	0.00501512	0.03372742
0.00008098	-0.00039163	-0.00135404	0.04222115
-0.00006029	-0.00060959	-0.00166912	0.02928422
-0.00031435	0.00002684	-0.00906836	0.03374442
0.00027601	0.00026495	0.00560559	0.04753126
0.00065274	0.00017178	0.00063880	0.03111873
0.00099012	-0.00038658	-0.01396681	0.04561488
0.00074700	-0.00084471	0.00289274	0.03487304
-0.00001525	-0.00080665	-0.01322312	0.04138464
-0.00027122	-0.00033470	0.00468621	0.04010797
-0.00034378	-0.00008637	-0.00035488	0.03591560
-0.00008416	0.00025774	-0.00382897	0.03361963
0.00034823	0.00012334	0.01619603	0.02481913
0.00050994	-0.00042295	-0.00868467	0.03858523
-0.00007811	-0.00027281	0.01217497	0.03435955
0.00041280	-0.00004636	-0.01057808	0.03855476
0.00031730	-0.00013823	-0.00748489	0.02605916
0.00031841	-0.00040594	-0.01732825	0.02378909
0.00025332	-0.00034119	-0.00915837	0.04044526
-0.00010302	-0.00094415	-0.01514234	0.02982114
-0.00018177	-0.00027475	-0.00258073	0.02817123
-0.00042490	-0.00007967	-0.00840358	0.03298628
0.00005066	0.00023673	-0.01028932	0.04063951
0.00068875	-0.00009857	-0.01239124	0.02033185
0.00064599	-0.00051646	-0.01972505	0.03269388
-0.00003074	-0.00048112	-0.01252691	0.02567533
-0.00007942	-0.00067484	-0.01052787	0.03945945
-0.00002481	-0.00008382	-0.00963077	0.03331226
0.00019598	-0.00010700	-0.00701923	0.04057184
0.00012611	-0.00017489	-0.00741417	0.03617973
0.00003899	-0.00001264	0.00995348	0.04325232
-0.00007225	-0.00041857	-0.01737260	0.03798109
0.00014110	-0.00023086	-0.00031791	0.01167106
0.00026985	0.00022211	-0.01560906	0.03649677
0.00038709	0.00016832	-0.00981877	0.03621145
0.00008921	-0.00044182	-0.00335836	0.04012960
0.00031103	-0.00023244	-0.00213910	0.03333230
0.00023877	-0.00038504	-0.02524947	0.03262447
-0.00035027	-0.00038004	-0.00295248	0.01580132
-0.00014534	-0.00012872	-0.02077117	0.02058759
0.00012329	0.00021028	-0.01307484	0.03076889
-0.00024094	-0.00009604	-0.00044847	0.04157403
-0.00010985	-0.00003491	-0.00960155	0.03523227
0.00019691	-0.00016612	-0.02271298	0.02253835
0.00036760	0.00012644	-0.02078546	0.03827135
0.00051960	-0.00010306	-0.01421810	0.03521977
0.00048521	-0.00026352	-0.02221024	0.03736591
0.00066838	-0.00021803	-0.00402697	0.03586645
-0.00016343	-0.00086722	-0.00486132	0.05385338
-0.00029316	-0.00064655	-0.01523345	0.03395448
-0.00031095	-0.00042249	-0.03221126	0.03518996
-0.00026882	-0.00021447	-0.01976617	0.03201815
0.00020020	0.00006973	-0.01006512	0.04798164
0.00050142	-0.00009685	-0.00985956	0.03917875
0.00014428	-0.00032552	-0.00344536	0.02590102
0.00011455	-0.00009331	-0.02118993	0.02967993
-0.00021270	-0.00006068	-0.01188910	0.04308072
-0.00041918	-0.00023620	-0.01769960	0.03369547
-0.00001922	-0.00005885	-0.01831645	0.02452365
-0.00003929	-0.00004117	-0.02325468	0.04014850
-0.00001239	0.00009980	-0.03197459	0.02861177
-0.00008086	-0.00006021	-0.02116494	0.03788877
-0.00007600	-0.00001507	-0.02427006	0.04324870
0.00029573	0.00015142	-0.02877386	0.03898251
0.00017827	0.00002478	-0.03095175	0.03332473
0.00037136	-0.00018836	-0.02750915	0.04149358
-0.00025263	-0.00020422	-0.02859794	0.03756274
-0.00022848	0.00013012	-0.01387246	0.04486042
-0.00011349	-0.00001145	-0.01932117	0.04247145
-0.00024250	0.00009328	-0.03464538	0.04388608
0.00048814	0.00030735	-0.02431154	0.04060442
0.00051682	-0.00005168	-0.02311857	0.05505588
0.00014279	-0.00008598	-0.01837561	0.04114974
-0.00042088	0.00000523	-0.01274203	0.03290965
-0.00039846	-0.00005582	-0.03178192	0.03690721
-0.00009133	0.00015903	-0.00872784	0.04370024
0.00012283	-0.00026478	-0.02767959	0.04222750
0.00049898	0.00017164	-0.02245720	0.04122920
-0.00004444	-0.00024237	-0.03424237	0.03543931
-0.00009617	0.00027977	-0.02768802	0.03318200
0.00013372	-0.00012903	-0.00241267	0.03809365
-0.00014805	-0.00009738	-0.01564270	0.04827655
-0.00016139	0.00011034	-0.02106013	0.04524621
-0.00010253	-0.00016145	-0.00300872	0.04032741
-0.00039182	-0.00029583	-0.02873942	0.03271961
-0.00026517	-0.00013633	-0.02688736	0.04119105
-0.00017440	-0.00003103	-0.02992252	0.05164565
-0.00032915	-0.00006324	-0.02708100	0.04123742
0.00006880	0.00015944	-0.01839888	0.03154653
-0.00017233	0.00033896	-0.02450074	0.04270380
0.00007583	0.00014512	-0.01368215	0.03735201
-0.00018943	-0.00006839	-0.02488327	0.04094713
-0.00004026	0.00024703	-0.03963061	0.04286903
0.00016077	-0.00011604	-0.01957464	0.04041770
-0.00004951	-0.00012836	-0.01845624	0.03621194
-0.00011807	-0.00031694	-0.01918571	0.05416091
-0.00007623	-0.00004606	-0.02451796	0.04168473
-0.00016130	-0.00010777	-0.02476087	0.03972271
-0.00020534	0.00019033	-0.01408107	0.03660595
0.00034210	0.00001005	-0.01529542	0.04669091
0.00010228	0.00019876	-0.03511729	0.03732436
-0.00002264	-0.00003736	-0.03612208	0.04123422
-0.00021467	-0.00031102	-0.02964299	0.04114296
-0.00018452	-0.00018947	-0.02557677	0.04298489
-0.00029250	-0.00020882	-0.01382214	0.03695166
-0.00018709	0.00036588	-0.02119192	0.03883613
-0.00010270	0.00036224	-0.03423034	0.04022907
-0.00012848	-0.00007339	-0.02708921	0.04261227
0.00004166	0.00017925	-0.03946066	0.03367286
-0.00022880	0.00038384	-0.03176043	0.04488366
-0.00013655	0.00043884	-0.02898097	0.05235608
0.00002686	0.00015008	-0.01755511	0.02987628
0.00034358	0.00009555	-0.04589963	0.04370508
0.00014284	-0.00006985	-0.02822689	0.03158420
0.00010898	0.00024980	-0.03803350	0.04271577
-0.00012751	-0.00014552	-0.02184440	0.03605592
-0.00003692	0.00011677	-0.04130140	0.03874528
-0.00007972	0.00027945	-0.02018655	0.05410241
-0.00018081	-0.00009692	-0.03615165	0.03965419
-0.00026894	-0.00010878	-0.04066875	0.03747402
-0.00046425	0.00000601	-0.03532456	0.03004854
0.00014734	0.00015810	-0.02997614	0.05306883
0.00021011	0.00001767	-0.03528883	0.03771159
0.00002860	-0.00013046	-0.02588803	0.04001049
0.00009327	-0.00011841	-0.02770410	0.02174645
0.00000126	-0.00014405	-0.04891749	0.03762979
-0.00015650	-0.00012054	-0.03396467	0.04728078
-0.00016878	0.00028001	-0.02681012	0.03456141
-0.00010431	0.00013599	-0.03300669	0.04233721
-0.00012890	-0.00004780	-0.03787853	0.04222723
-0.00008413	0.00008496	-0.04161474	0.03114589
-0.00021976	0.00034034	-0.03370426	0.03315025
-0.00011946	0.00023357	-0.03133247	0.02910007
-0.00006802	0.00028826	-0.04138820	0.04532032
-0.00013743	0.00021442	-0.03424896	0.04158015
-0.00002704	-0.00001161	-0.04472226	0.03865238
-0.00018876	-0.00006174	-0.03897321	0.03879490
-0.00017460	-0.00015517	-0.03394865	0.04181019
-0.00004570	-0.00004549	-0.03644924	0.03391457
-0.00016304	-0.00001316	-0.04543648	0.03608588
-0.00013009	0.00000533	-0.04403936	0.03333149
-0.00031153	-0.00007249	-0.04153525	0.02654870
-0.00041180	0.00022703	-0.04477018	0.05653473
-0.00002265	0.00037193	-0.04021083	0.03974495
0.00015224	0.00039745	-0.05736780	0.03584767
0.00002873	0.00002429	-0.05433430	0.03871110
0.00019192	0.00023245	-0.02836220	0.04141222
0.00010020	-0.00004144	-0.03394046	0.03743323
0.00019414	0.00016224	-0.05520281	0.02351654
-0.00029666	0.00004589	-0.05065058	0.03035387
-0.00037076	-0.00007868	-0.06168556	0.03067991
-0.00004412	-0.00048077	-0.04599800	0.02849785
0.00022886	0.00011825	-0.06036045	0.02354958
0.00005788	0.00012326	-0.06899218	0.03084937
0.00002213	-0.00019391	-0.05359315	0.02950879
-0.00019314	-0.00003511	-0.07446128	0.02913807
0.00006069	-0.00009287	-0.06930814	0.04401923
-0.00038630	0.00000502	-0.07721945	0.04198994
-0.00029957	0.00012798	-0.06521830	0.03094504
0.00012592	-0.00029133	-0.06380901	0.04529401
-0.00003162	0.00026557	-0.06173030	0.03207156
-0.00019503	-0.00004953	-0.06270433	0.03814854
-0.00044185	-0.00001593	-0.08813042	0.04110676
-0.00013420	0.00008308	-0.07921099	0.03401044
-0.00035347	0.00014551	-0.07414614	0.03985429
-0.00011317	0.00031082	-0.08685392	0.04149049
0.00010007	0.00011874	-0.09216932	0.03896568
0.00006747	-0.00003990	-0.09312383	0.02402819
0.00016126	0.00001182	-0.09242707	0.05145201
-0.00018215	-0.00000882	-0.07918694	0.04499195
-0.00035993	-0.00045974	-0.09430704	0.05695703
-0.00018971	-0.00019295	-0.09872400	0.04763242
-0.00061967	-0.00009320	-0.09538219	0.05241870
-0.00073334	-0.00005977	-0.08003311	0.05298438
-0.00018591	0.00011754	-0.10423949	0.07669110
-0.00030007	0.00042313	-0.10198130	0.05363963
-0.00013474	0.00054821	-0.09779667	0.04704512
-0.00006596	0.00015497	-0.10308566	0.06678827
-0.00008810	-0.00005838	-0.10657534	0.05819427
-0.00001308	0.00020392	-0.07496426	0.06750499
-0.00022470	0.00027029	-0.11765922	0.05264596
-0.00006328	0.00017599	-0.08696489	0.06389755
-0.00009852	0.00029258	-0.10561113	0.08014268
-0.00017415	0.00043246	-0.10020414	0.05966697
-0.00006380	0.00009303	-0.11082158	0.06598888
0.00020811	-0.00000640	-0.08955895	0.06945467
-0.00002070	0.00023687	-0.10689745	0.06408801
0.00008691	0.00011674	-0.09480667	0.06972228
0.00012160	0.00014399	-0.10283364	0.09188457
0.00015190	-0.00007771	-0.10757883	0.09188598
-0.00031906	-0.00015211	-0.08748891	0.09181041
-0.00014279	-0.00028706	-0.11557812	0.09245116
-0.00058885	-0.00048286	-0.10629174	0.08508140
-0.00052496	-0.00027973	-0.11470979	0.08415182
-0.00026566	-0.00006585	-0.10809484	0.09042940
-0.00044593	-0.00024554	-0.11027439	0.08933800
-0.00057664	0.00028016	-0.10659312	0.09895985
-0.00070135	0.00003954	-0.10527478	0.10275700
-0.00008641	0.00032127	-0.10827990	0.09132417
-0.00012170	0.00027568	-0.11970858	0.10789508
-0.00027387	0.00025699	-0.10685408	0.10470888
-0.00007563	0.00045328	-0.10882470	0.10043564
0.00017129	0.00012790	-0.10071704	0.09368871
-0.00023556	0.00024864	-0.07995214	0.10365987
-0.00024685	0.00025002	-0.10004901	0.09550381
-0.00013598	0.00054195	-0.07657123	0.08311972
0.00010872	0.00008215	-0.08891721	0.08485199
-0.00012736	0.00000825	-0.07647000	0.08533200
0.00020392	0.00003053	-0.07872716	0.07885257
-0.00015176	-0.00012885	-0.08854888	0.08213361
-0.00024470	-0.00039312	-0.08137369	0.06545717
-0.00029593	-0.00023128	-0.08242197	0.06545233
-0.00045723	-0.00012513	-0.09049065	0.04392429
-0.00040350	-0.00005647	-0.09829215	0.04871991
-0.00050899	-0.00006354	-0.11278594	0.02574712
-0.00029954	0.00002317	-0.12987781	0.02361755
-0.00007829	-0.00015757	-0.14283153	0.02367040
-0.00059166	0.00013741	-0.15169020	0.02740449
-0.00054903	0.00007766	-0.14761532	0.03053506
-0.00026733	0.00013941	-0.16560985	0.02865402
-0.00045576	-0.00005000	-0.18775409	0.03022882
-0.00002230	0.00011677	-0.19142709	0.04357605
0.00018053	-0.00007728	-0.19489503	0.04338508
-0.00012177	0.00000837	-0.22572734	0.05518070
-0.00021414	0.00004002	-0.23613998	0.05034246
-0.00007134	-0.00024282	-0.23556926	0.05535085
-0.00041927	-0.00005669	-0.24020279	0.06736464
-0.00026809	-0.00002451	-0.26511652	0.08163782
-0.00017820	-0.00006720	-0.27716687	0.08838666
-0.00024740	-0.00022799	-0.29093173	0.11078690
-0.00019470	0.00016171	-0.29303316	0.11215550
-0.00015971	-0.00000597	-0.30333805	0.14319914
-0.00035441	0.00001717	-0.29580442	0.15329541
-0.00023096	0.00018024	-0.31464539	0.17843125
-0.00030828	0.00018941	-0.31153836	0.18026166
-0.00025273	-0.00007525	-0.31764977	0.21270968
-0.00028454	0.00005663	-0.31515140	0.22911982
-0.00029944	0.00024703	-0.31507291	0.25290959
-0.00070231	0.00001835	-0.30205263	0.25419169
-0.00044074	0.00049003	-0.31049129	0.27115657
-0.00035524	0.00050934	-0.29811952	0.29725317
-0.00016760	0.00056657	-0.29186646	0.30831161
-0.00039049	0.00008260	-0.29383559	0.31739951
0.00013268	0.00002852	-0.26860977	0.33817823
0.00010308	0.00022244	-0.26753151	0.34045655
0.00024019	0.00026565	-0.24671825	0.36095649
-0.00009478	0.00013401	-0.24787065	0.36621587
0.00013995	-0.00034405	-0.23020482	0.38840141
0.00030265	-0.00012299	-0.22041542	0.39447154
0.00023790	-0.00012842	-0.19442885	0.40367390
0.00012954	-0.00045471	-0.18826299	0.42563448
-0.00004624	-0.00014907	-0.18132581	0.41770980
-0.00018259	0.00009331	-0.16435724	0.42549629
0.00005617	-0.00019364	-0.14524333	0.42805488
-0.00024108	-0.00010056	-0.13061763	0.43051684
-0.00046354	0.00008258	-0.12849051	0.43715659
-0.00043797	0.00047253	-0.12084675	0.42954138
-0.00023993	0.00040868	-0.10258876	0.43560066
-0.00019946	0.00000780	-0.07988013	0.42363238
-0.00003083	-0.00006683	-0.06876853	0.43036227
-0.00003403	0.00013889	-0.07074862	0.42526461
0.00007976	0.00024904	-0.04749889	0.42025954
-0.00041650	-0.00000801	-0.04019328	0.43382917
-0.00022409	-0.00025846	-0.02774317	0.40687168
0.00042050	-0.00022607	-0.03227974	0.41257100
-0.00017933	-0.00007327	-0.02323136	0.39972215
-0.00034955	-0.00020367	-0.01667153	0.40684304
-0.00020159	-0.00000929	-0.01774948	0.40029430
-0.00033341	0.00036647	0.00763444	0.40124155
-0.00033851	0.00019129	0.00874588	0.40645793
0.00005160	0.00003363	0.03252411	0.39347069
0.00002231	0.00027567	0.03944453	0.38849199
0.00042604	0.00002897	0.04662143	0.39194928
-0.00003830	-0.00001478	0.05827466	0.36756606
0.00021741	-0.00013133	0.04654622	0.35118008
-0.00011311	-0.00010678	0.04319889	0.35859399
-0.00007113	0.00028880	0.04532979	0.34580851
-0.00030704	0.00019718	0.04320562	0.33830894
-0.00039721	-0.00007147	0.04355102	0.35107690
-0.00051415	0.00039308	0.04899104	0.33891571
-0.00049764	0.00058431	0.04587272	0.32772787
-0.00053825	0.00014685	0.03217683	0.32094482
-0.00017560	0.00033410	0.04665999	0.31603262
-0.00003707	0.00050583	0.04248207	0.31850015
0.00011144	0.00027380	0.03623277	0.32900122
-0.00023887	0.00030299	0.03035339	0.31218216
0.00000913	-0.00003791	0.04820243	0.31995131
-0.00005229	-0.00021729	0.02199925	0.32669819
-0.00022933	-0.00026177	0.03520336	0.33510604
-0.00020514	0.00008446	0.01984901	0.33458812
-0.00032481	0.00003416	0.01552478	0.34281519
-0.00026431	-0.00025766	0.04824120	0.32520130
-0.00035184	-0.00026859	0.02017478	0.34720808
-0.00029932	-0.00003097	0.04036169	0.33827474
-0.00037110	-0.00016367	0.03249514	0.34056591
-0.00029906	0.00014002	0.02945251	0.33349504
-0.00006130	-0.00000379	0.04304179	0.33427877
0.00018592	0.00016688	0.04299193	0.32776104
0.00016842	-0.00004625	0.04725731	0.33005715
-0.00031857	0.00014343	0.04857005	0.33193971
-0.00027838	-0.00005429	0.05762887	0.33474383
0.00002685	0.00014650	0.05724866	0.35330749
-0.00026046	0.00028830	0.04570379	0.33994616
-0.00013377	0.00037342	0.06473112	0.34148110
-0.00002076	0.00024448	0.05750415	0.32196060
0.00015944	-0.00004371	0.07616375	0.32738372
0.00027098	0.00022386	0.06801042	0.33479766
0.00032315	0.00035334	0.06643855	0.32306316
0.00034355	0.00025749	0.06135610	0.33157091
-0.00002730	0.00000818	0.05689547	0.33576245
-0.00023533	0.00011341	0.05990354	0.33829403
-0.00009183	-0.00041737	0.06543062	0.34317678
-0.00006053	0.00000644	0.03972606	0.34675813
-0.00033766	0.00001282	0.05648348	0.32823049
0.00020489	0.00039991	0.05278372	0.35869452
0.00001962	0.00044118	0.06249919	0.35900771
-0.00022357	0.00000913	0.06506467	0.34810997
-0.00020190	-0.00014085	0.04813422	0.35163392
0.00004934	0.00017337	0.05334234	0.35897358
-0.00005838	0.00033627	0.06034847	0.35464988
0.00006217	0.00025149	0.06138624	0.36829115
-0.00019163	-0.00011388	0.06043316	0.36219892
-0.00019610	0.00032632	0.06612725	0.36109651
0.00012841	-0.00014849	0.04859852	0.37603364
-0.00031126	0.00044895	0.05874302	0.38872119
0.00005909	0.00024022	0.07865572	0.38557212
0.00010016	0.00015494	0.08318775	0.39877667
0.00048241	0.00009299	0.07366027	0.40408746
-0.00002826	0.00003502	0.06730478	0.39792543
0.00011019	-0.00000023	0.08122941	0.39710065
0.00011839	-0.00038640	0.09313439	0.41611621
-0.00004120	-0.00016987	0.08823927	0.41783058
0.00038862	-0.00019822	0.07410069	0.42593433
0.00009371	0.00025611	0.10165900	0.42964866
-0.00016546	-0.00004299	0.11288470	0.43191101
-0.00008358	-0.00011514	0.09618431	0.44115185
-0.00015338	0.00018251	0.09560438	0.45411060
-0.00044885	0.00035654	0.10727600	0.46376458
-0.00015725	0.00028114	0.12485795	0.47463707
-0.00036714	0.00040578	0.11242449	0.49392674
-0.00027110	0.00040657	0.12651884	0.48064789
-0.00013002	0.00046935	0.12207260	0.49661233
0.00038975	0.00058190	0.13096839	0.50709143
0.00003174	0.00034826	0.14774895	0.53733632
0.00008979	0.00044383	0.15689353	0.55182296
-0.00013426	0.00027354	0.14692284	0.55695868
0.00022707	0.00026031	0.18143331	0.59366422
0.00041324	-0.00000139	0.19818743	0.62167018
0.00021110	0.00022753	0.21535131	0.64254804
-0.00004892	0.00004829	0.26040207	0.67931203
0.00009500	0.00015464	0.29348327	0.72633401
-0.00007982	0.00003088	0.35455101	0.73914033
-0.00007628	0.00026391	0.41552698	0.76801762
-0.00003387	0.00025517	0.49475153	0.78060274
-0.00015811	0.00014203	0.61452435	0.80987661
-0.00042076	0.00013084	0.74613834	0.78814719
-0.00025501	0.00014185	0.91887344	0.71225884
0.00009472	0.00005690	1.07468742	0.54527211
0.00015420	-0.00031906	1.15187614	0.31403047
-0.00027079	-0.00000224	1.07009029	0.05208724
-0.00006790	-0.00015774	0.92589499	-0.10647803
-0.00019523	0.00001473	0.72624513	-0.18966378
0.00007167	0.00057126	0.59968356	-0.17645442
0.00005852	0.00000064	0.50381812	-0.12651813
-0.00008251	0.00013826	0.44996055	-0.08867793
0.00002825	0.00023065	0.40558680	-0.06742522
-0.00020616	0.00022529	0.37952227	-0.02258428
0.00008693	0.00024868	0.36126414	-0.01592521
0.00022364	0.00019835	0.33622769	-0.00897957
-0.00001791	0.00015245	0.34079397	0.02697374
0.00032000	-0.00035562	0.33966846	0.01124898
-0.00032991	0.00004224	0.32216203	0.01515051
0.00011479	-0.00042182	0.32889468	0.01989282
-0.00002610	-0.00000393	0.30936140	0.00692703
-0.00021462	-0.00023459	0.28416530	0.01556760
-0.00032761	-0.00013304	0.26641716	0.03470236
0.00000676	-0.00005803	0.24802362	0.05353412
-0.00005283	-0.00000586	0.24209095	0.05623393
-0.00024682	0.00015645	0.25223276	0.07572294
-0.00023124	0.00024519	0.25921863	0.09754537
0.00003167	0.00032953	0.26705177	0.08258252
0.00003875	0.00024708	0.25117596	0.07573635
0.00013850	0.00022067	0.24134227	0.10461093
0.00031784	0.00019746	0.24280438	0.09789242
0.00019493	0.00048836	0.25747202	0.09931648
-0.00030612	0.00008462	0.25566229	0.11999955
0.00024824	-0.00013183	0.25877733	0.12659054
0.00021991	-0.00011090	0.27232530	0.13311505
0.00023475	-0.00022887	0.26006914	0.12539403
0.00023449	0.00018130	0.28320809	0.12653538
-0.00022078	0.00000103	0.29025860	0.13711496
-0.00001909	-0.00000037	0.30641069	0.13798089
0.00002743	-0.00019024	0.30562721	0.13164388
-0.00042752	0.00007708	0.30789507	0.11853697
-0.00010867	0.00010903	0.31957596	0.08976696
-0.00030456	0.00008960	0.31158627	0.07865817
-0.00021663	-0.00019826	0.28775550	0.07951038
0.00022369	0.00031582	0.26630825	0.07511733
-0.00004845	0.00031800	0.26487405	0.10083687
0.00004676	0.00047560	0.28011199	0.14507927
0.00010025	0.00025514	0.30632823	0.14503612
0.00028108	0.00022551	0.34098601	0.13543107
0.00006686	0.00042006	0.39019613	0.09488900
0.00023859	0.00019871	0.40092192	0.05056365
-0.00000818	0.00024591	0.36026000	-0.00071579
0.00003198	0.00037642	0.32622549	-0.03757805
0.00039657	-0.00037938	0.28794649	-0.03230685
0.00010009	-0.00006110	0.25303879	-0.02669059
0.00027778	-0.00000615	0.23052104	0.00808837
0.00000688	0.00008507	0.21793262	0.03738274
0.00018928	0.00001814	0.22453649	0.07073441
0.00000585	-0.00026221	0.26056991	0.05677086
-0.00014316	-0.00001753	0.26754110	0.06097438
-0.00013696	-0.00013895	0.27177914	0.03798857
-0.00023832	-0.00000121	0.29429106	0.04135500
-0.00010048	-0.00008707	0.26690317	0.00578671
0.00019595	0.00022610	0.25999829	-0.01753080
0.00013451	-0.00011450	0.25821576	-0.01057075
-0.00012753	-0.00008502	0.23970322	-0.01631471
-0.00008157	0.00001445	0.21423274	-0.01037800
-0.00001381	0.00026938	0.18881513	-0.01140012
-0.00010771	-0.00008039	0.19591133	-0.00976236
-0.00020945	-0.00005009	0.18566293	-0.01747761
-0.00025801	0.00034981	0.16124301	-0.00107127
-0.00016865	-0.00022753	0.15290082	-0.00226875
0.00004606	0.00020391	0.14752719	0.01057380
0.00012250	0.00051939	0.14268555	0.03541420
-0.00017642	0.00037243	0.13533944	0.05931668
0.00017470	-0.00001344	0.14498597	0.06797871
0.00035293	-0.00024219	0.14950762	0.07714358
0.00051369	-0.00013702	0.16659566	0.10310108
0.00023937	-0.00032438	0.17925763	0.09367022
-0.00019083	-0.00018344	0.18876916	0.10698708
-0.00033509	-0.00004012	0.22151273	0.08096964
-0.00022580	-0.00005549	0.19581172	0.07244035
-0.00001977	-0.00009318	0.21371525	0.07106269
-0.00020459	-0.00011332	0.20092766	0.05309696
-0.00018462	-0.00004951	0.19065056	0.02825537
0.00030295	-0.00007359	0.17253673	0.01150517
-0.00018353	-0.00003674	0.14665209	0.02854636
-0.00037103	0.00028744	0.14516825	0.04946245
-0.00005894	0.00015674	0.15964685	0.04166237
-0.00001747	0.00010222	0.14838147	0.03531170
0.00003469	0.00026567	0.12196043	0.04770321
0.00024669	0.00012684	0.09543781	0.06076216
0.00006294	0.00015082	0.07932362	0.08237799
0.00039613	-0.00005930	0.09713384	0.09620485
0.00033297	-0.00014299	0.09452001	0.09146412
0.00008949	-0.00014630	0.10924349	0.13333118
-0.00006321	-0.00026327	0.11173561	0.12846805
-0.00001094	-0.00023823	0.11464431	0.13852194
-0.00024328	0.00023431	0.13622820	0.15246536
-0.00018416	-0.00036797	0.13084418	0.15522048
-0.00008416	0.00010704	0.17753955	0.15114170
-0.00033856	0.00047706	0.16899249	0.14539151
0.00004311	0.00020123	0.16003060	0.12326730
-0.00039078	0.00017833	0.15480381	0.13990766
-0.00009511	0.00038860	0.15755757	0.14650619
0.00010461	0.00035228	0.17152973	0.12546830
-0.00019172	0.00026103	0.16591135	0.12098225
0.00012330	0.00002566	0.17075184	0.11432130
0.00035432	-0.00032140	0.14929639	0.12008071
-0.00006289	-0.00018781	0.14165543	0.11114344
0.00011044	-0.00008979	0.13431015	0.12652229
0.00012117	-0.00039099	0.13223584	0.15789436
0.00003883	-0.00010429	0.12443659	0.16073359
0.00016400	0.00027160	0.12088000	0.17688661
-0.00006599	-0.00016881	0.12632735	0.17069345
-0.00010287	-0.00024456	0.14275643	0.18631842
-0.00016288	0.00020261	0.14723294	0.18236795
-0.00030413	0.00004674	0.14539337	0.20137466
-0.00022800	0.00022869	0.16502307	0.19871236
-0.00000524	0.00016842	0.14084220	0.22087054
-0.00024005	0.00031217	0.15688933	0.23204048
0.00007228	0.00023182	0.16808160	0.23475873
0.00020861	0.00025500	0.18132703	0.25222207
-0.00004573	0.00011805	0.18839543	0.26474963
0.00027843	-0.00015794	0.17184869	0.26240553
0.00018736	0.00004328	0.19054805	0.27446133
0.00027355	0.00005253	0.20278982	0.29647848
0.00023073	-0.00001466	0.21948312	0.31325083
-0.00001207	0.00010067	0.23786512	0.32180038
-0.00009156	-0.00011875	0.26079426	0.33657983
0.00015673	-0.00011383	0.28529272	0.37845575
0.00043336	-0.00015559	0.32333027	0.38764141
-0.00000218	0.00018886	0.37348644	0.38994033
-0.00000317	0.00015949	0.41923905	0.40893393
-0.00021340	-0.00011763	0.50073424	0.41057733
-0.00009087	0.00003333	0.58526818	0.36638988
-0.00005687	0.00022964	0.66399255	0.31633129
0.00021571	0.00005243	0.76624795	0.19260308
-0.00012484	-0.00026837	0.77764874	0.03201600
-0.00014495	-0.00029096	0.72884273	-0.13379483
0.00014120	0.00027203	0.58901236	-0.25106988
-0.00019396	0.00016949	0.44112654	-0.27111731
0.00029381	0.00033498	0.32079659	-0.24017223
-0.00012475	0.00009852	0.25458878	-0.17666485
0.00006075	0.00027053	0.20761403	-0.10715952
0.00011293	-0.00010060	0.19128597	-0.06157006
0.00015539	0.00013404	0.19496789	-0.02316212
0.00036132	-0.00023109	0.18409921	0.01368494
-0.00017451	-0.00002579	0.20316070	0.02095460
-0.00019441	-0.00005252	0.19394260	0.04907060
-0.00002454	-0.00020537	0.20983695	0.08417048
-0.00002971	0.00000944	0.20898899	0.08315606
-0.00000303	-0.00005845	0.20010660	0.11099052
0.00002573	0.00024458	0.23519167	0.13761951
-0.00016170	0.00016241	0.25715431	0.16087150
-0.00011172	0.00028823	0.27511509	0.18574433
0.00005629	-0.00005673	0.32282780	0.18829157
-0.00006535	-0.00010080	0.34043222	0.18704954
0.00022420	-0.00000878	0.40657283	0.20680357
0.00008535	0.00000883	0.46252169	0.19517148
0.00034506	0.00036704	0.52903318	0.13278303
0.00029090	-0.00002194	0.55548924	0.05492666
0.00012807	0.00028756	0.56296908	-0.01457868
0.00006188	-0.00018649	0.54017234	-0.10643450
0.00017425	-0.00000632	0.47023509	-0.18907634
0.00005077	0.00021355	0.35518474	-0.20190330
0.00006648	0.00021907	0.30691518	-0.15056683
0.00020480	0.00003470	0.28372345	-0.11864193
0.00001900	-0.00018239	0.27381560	-0.11680963
0.00030760	0.00009631	0.26379584	-0.10567881
0.00021311	0.00000329	0.25773856	-0.10429497
-0.00030791	-0.00000227	0.25465018	-0.09581451
-0.00015712	-0.00007590	0.22817849	-0.09851609
0.00009542	0.00016039	0.21930872	-0.10582628
-0.00013609	-0.00002140	0.17540308	-0.09701797
0.00000500	0.00018789	0.15659393	-0.05104776
-0.00021385	0.00020768	0.16929755	-0.01941334
-0.00003051	0.00019433	0.19970609	-0.00790046
0.00034021	0.00017859	0.20518699	-0.00682380
-0.00006356	0.00044194	0.22774198	0.00906673
-0.00007076	0.00036405	0.22497683	0.00932911
0.00026445	0.00015676	0.24158354	-0.03174050
0.00033403	0.00031551	0.19898413	-0.02025671
0.00010261	-0.00003370	0.22220917	-0.01311252
0.00012004	0.00023235	0.21746080	-0.02054061
-0.00005428	0.00008485	0.18770295	-0.00757103
0.00029746	0.00020090	0.20560994	0.03075846
0.00017334	-0.00012445	0.20933151	0.03329244
0.00036112	0.00000887	0.19647458	0.02171677
-0.00006081	0.00024960	0.20402301	0.02952172
-0.00013310	0.00004996	0.23417842	0.05032681
0.00000474	-0.00012675	0.21814554	0.02132621
0.00005132	-0.00010625	0.21050583	0.03317867
0.00010212	0.00010459	0.23015397	0.04680275
-0.00013140	0.00007024	0.24276088	0.04657930
0.00009103	-0.00005095	0.23838043	0.06048849
0.00004871	0.00024299	0.24849305	0.05465776
0.00009735	-0.00005695	0.23779222	0.05425947
-0.00006014	0.00024532	0.25735238	0.06156250
-0.00015542	-0.00007002	0.22716110	0.05108375
-0.00026159	-0.00009122	0.25789842	0.08419713
-0.00017408	0.00011859	0.27770269	0.09096599
0.00005137	0.00003539	0.29584382	0.08112236
-0.00016693	0.00008493	0.30099026	0.09451104
0.00007582	0.00068147	0.34398795	0.09097603
0.00006012	0.00010615	0.39077614	0.06008367
-0.00014959	-0.00001738	0.38850397	-0.00871464
0.00029459	0.00023373	0.38767629	-0.04656168
-0.00010034	0.00006796	0.37906262	-0.07491332
0.00001129	-0.00012967	0.33223462	-0.13947410
0.00015782	-0.00006087	0.25354773	-0.14488504
-0.00003784	-0.00002892	0.21393336	-0.08521182
0.00024806	-0.00002215	0.19189131	-0.08256685
-0.00010787	0.00020576	0.16580166	-0.02798192
-0.00025960	0.00037970	0.19613593	0.02515922
-0.00017649	0.00007885	0.22317450	0.01989149
0.00006693	0.00027682	0.23685117	0.03425148
-0.00011978	-0.00013171	0.31480495	0.00846384
0.00008061	0.00009414	0.29210247	-0.01067242
0.00004941	0.00025801	0.28745145	-0.04833627
-0.00005031	0.00000531	0.26119893	-0.07451181
-0.00016724	0.00040254	0.20512876	-0.05973477
-0.00005946	0.00018673	0.17991155	-0.01701657
-0.00000963	-0.00002576	0.21039913	0.00097246
0.00018819	0.00013966	0.20286137	0.04247905
0.00033127	0.00038245	0.24769221	0.04430724
-0.00008296	0.00007980	0.25915939	0.02557243
0.00035085	-0.00012750	0.24154015	0.03988579
-0.00016542	0.00007893	0.25095861	0.02211166
-0.00017833	-0.00001015	0.22624428	0.03427777
0.00001516	0.00010411	0.25138312	0.03654847
-0.00011046	0.00013532	0.28257698	0.04447845
0.00007392	0.00049333	0.28381910	0.04070326
-0.00007960	0.00045839	0.32592237	0.02828183
0.00015818	0.00022159	0.31905895	0.00415125
-0.00021668	-0.00003644	0.33370809	0.01340695
-0.00019051	0.00007611	0.30156799	0.00340117
-0.00013266	0.00002007	0.24816936	-0.03473767
-0.00029004	0.00011765	0.27653886	-0.01027979
-0.00011055	0.00046356	0.25449877	0.02788274
0.00028214	-0.00004927	0.26331191	0.01229201
-0.00003713	-0.00002004	0.27734615	0.01607786
-0.00011497	0.00013064	0.20246801	0.03466889
-0.00001123	0.00017442	0.25460852	0.08945563
-0.00013092	-0.00007858	0.27494071	0.10001904
-0.00004256	0.00024355	0.26817186	0.13358110
-0.00028400	0.00000512	0.31001662	0.13403353
-0.00011199	-0.00003563	0.33237227	0.12392817
0.00012282	0.00028357	0.38894450	0.18278904
-0.00003579	-0.00004755	0.46504329	0.13233191
0.00022635	-0.00015729	0.46214040	0.12394104
0.00024975	0.00018001	0.53347549	0.19227598
-0.00009483	0.00006102	0.65171294	0.10583939
-0.00035560	0.00002180	0.68162146	0.03091341
-0.00017986	0.00037405	0.68305413	-0.04631524
-0.00015992	-0.00019565	0.72422680	-0.12946475
-0.00000371	0.00000771	0.70484142	-0.27551261
0.00022552	-0.00020980	0.59019292	-0.33176858
0.00005170	-0.00026461	0.54169610	-0.35989349
-0.00002873	-0.00011430	0.45342582	-0.38053008
0.00025987	0.00048354	0.40240580	-0.38816716
-0.00010739	-0.00000103	0.36860989	-0.35938126
-0.00008555	0.00009737	0.31551981	-0.32151447
0.00011225	0.00032228	0.35026709	-0.29553958
0.00039320	-0.00003848	0.33932555	-0.28419001
0.00044549	0.00008580	0.33082270	-0.29745365
0.00035794	0.00003786	0.31142261	-0.28486001
0.00015450	0.00024307	0.31808381	-0.30005739
-0.00005843	0.00004451	0.32918962	-0.28543976
0.00033772	0.00012811	0.31309680	-0.31196215
0.00023272	-0.00018534	0.29939091	-0.32385709
0.00013865	-0.00001482	0.30533728	-0.32526182
0.00036301	0.00002780	0.28575293	-0.31268856
0.00005197	0.00012230	0.26064226	-0.33467226
0.00003176	-0.00008660	0.25171293	-0.32877081
0.00009628	-0.00032922	0.24229885	-0.35371797
0.00014923	-0.00004754	0.20155367	-0.34896371
0.00027839	0.00007291	0.19142670	-0.35367635
0.00007927	-0.00004251	0.19522858	-0.35682376
-0.00005625	0.00024461	0.15454975	-0.32293656
-0.00029034	-0.00004743	0.17484738	-0.33027480
-0.00003370	-0.00004194	0.12695485	-0.33538588
0.00025720	-0.00029110	0.12108509	-0.33050441
0.00004034	0.00003884	0.11763255	-0.30081241
0.00039505	0.00007734	0.11101044	-0.28341664
0.00026153	-0.00053168	0.09688146	-0.28802206
0.00021426	-0.00000739	0.07930193	-0.29232809
0.00006698	0.00013050	0.08282667	-0.28226215
0.00036827	0.00022315	0.07833384	-0.26713555
0.00048508	0.00004692	0.07921690	-0.27766630
-0.00022750	-0.00010471	0.06526200	-0.27179973
0.00029650	0.00017143	0.04602741	-0.24697189
0.00012181	-0.00010064	0.06010417	-0.24634780
0.00000768	-0.00037808	0.04042944	-0.25903544
0.00004217	-0.00005627	0.00612705	-0.23281835
0.00018000	-0.00022176	0.01894168	-0.21662909
0.00006875	-0.00020818	0.04217792	-0.19730936
-0.00001256	0.00014125	0.04716746	-0.19924826
-0.00009622	0.00001914	0.02088475	-0.19487013
-0.00023508	0.00013241	0.04193903	-0.18231913
0.00037958	-0.00035901	0.03675159	-0.16713807
-0.00006991	-0.00014234	0.03028986	-0.16451375
0.00015166	0.00001589	0.03936798	-0.15430226
0.00009123	-0.00003004	0.03722664	-0.15304058
-0.00014121	-0.00019797	0.01917132	-0.15494538
-0.00002959	-0.00023824	0.03951098	-0.14671355
-0.00009969	-0.00046427	0.04156371	-0.12678975
0.00009248	-0.00007734	0.03362643	-0.13767508
0.00016828	0.00016337	0.04412326	-0.12769501
0.00000715	0.00016686	0.05222693	-0.13012175
-0.00012170	0.00000294	0.04824799	-0.10803387
0.00015870	-0.00005602	0.06519168	-0.12185347
-0.00003702	0.00002790	0.04823312	-0.12492099
0.00033765	-0.00019092	0.05649691	-0.12492215
-0.00001261	0.00001847	0.06251631	-0.11629824
0.00008004	-0.00006759	0.06207471	-0.13121418
0.00015909	-0.00003177	0.04601229	-0.13408178
0.00001703	-0.00012468	0.06467501	-0.10941707
-0.00007278	0.00001925	0.07023775	-0.11509999
0.00015642	-0.00025071	0.05285033	-0.11842252
-0.00015226	-0.00008865	0.04965428	-0.11154471
0.00007263	-0.00011741	0.05781292	-0.11397600
0.00028174	0.00020283	0.06542487	-0.11848010
0.00019181	0.00017495	0.06335322	-0.11665362
0.00010513	-0.00018531	0.05323077	-0.12221012
0.00007350	0.00020384	0.05452734	-0.11654781
0.00017738	0.00032216	0.06932820	-0.11919898
0.00002686	0.00006142	0.03267639	-0.11489694
0.00000391	0.00004407	0.06336147	-0.11999515
0.00030173	-0.00002721	0.06013547	-0.10863004
0.00008009	-0.00026098	0.06684453	-0.11473492
0.00046152	-0.00004703	0.06842867	-0.11506143
0.00001743	-0.00010515	0.07148265	-0.10641485
0.00030642	0.00006164	0.04223340	-0.13791866
0.00022280	0.00014461	0.06098744	-0.12063842
0.00022764	-0.00042598	0.03580475	-0.12847319
-0.00015563	-0.00010685	0.04283673	-0.12957487
0.00016241	0.00013670	0.04375899	-0.12570812
0.00016791	-0.00003291	0.01413429	-0.10004427
0.00016230	-0.00014468	0.03579931	-0.09343893
-0.00013745	-0.00009041	0.03651256	-0.07963152
0.00028447	0.00018157	0.04215616	-0.07605064
-0.00006266	0.00003313	0.04105823	-0.09251657
0.00013281	0.00023665	0.05199600	-0.06902112
0.00008875	-0.00020686	0.04254750	-0.05476717
0.00036073	-0.00000844	0.08890327	-0.05135411
0.00021380	0.00028735	0.08088125	-0.07883909
0.00059201	0.00008439	0.05857485	-0.07119342
-0.00031066	0.00000803	0.06730747	-0.10874517
-0.00000552	0.00020430	0.01580210	-0.11323275
-0.00000625	-0.00011113	0.00889441	-0.07408809
0.00013210	0.00037681	0.03251643	0.01050940
0.00001070	-0.00014351	0.13878718	-0.06504334
-0.00000682	-0.00009277	0.05074410	-0.12801683
0.00038802	-0.00000362	0.04918972	-0.07667400
0.00008063	0.00018577	0.05156643	-0.10027072
-0.00026837	-0.00004922	0.03218957	-0.08895751
0.00009168	0.00022558	0.01325236	-0.06376406
0.00050175	-0.00003702	0.04456678	-0.00996408
0.00004015	0.00025389	0.09511020	-0.02958159
0.00011584	0.00000117	0.11809014	-0.07036140
0.00006145	0.00016168	0.07179920	-0.10895126
0.00022412	0.00011762	0.06658582	-0.09687758
0.00012374	-0.00007655	0.02382557	-0.07205688
0.00033659	0.00019766	0.06515982	-0.08714161
0.00025371	0.00016079	0.04333901	-0.10064217
-0.00027300	-0.00008256	0.06431347	-0.06417972
0.00047406	0.00044786	0.04592207	-0.08968035
0.00002948	0.00019886	0.03849798	-0.08436960
0.00013750	-0.00009317	0.04348715	-0.09981384
-0.00025442	0.00004671	0.03563491	-0.06124256
0.00000408	-0.00015369	0.03046773	-0.06788877
-0.00014318	-0.00003907	0.01749888	-0.06214086
0.00016860	0.00011133	0.02180558	-0.05755229
-0.00013689	0.00014937	0.02606813	-0.05203722
-0.00003994	-0.00010793	0.03944516	-0.04291591
0.00013032	0.00020414	0.05027828	-0.03658378
-0.00003302	0.00006468	0.03962595	-0.05060461
-0.00019489	-0.00012678	0.03734744	-0.03628616
0.00002172	0.00005055	0.03969708	-0.03364455
-0.00011104	0.00033366	0.04318767	-0.03450630
0.00006961	-0.00010649	0.03447217	-0.04166063
-0.00024494	-0.00002436	0.04844030	-0.01026633
-0.00011815	-0.00011687	0.05510583	-0.03997078
0.00002598	-0.00009132	0.04540507	-0.02493193
0.00011489	0.00021903	0.02788167	-0.03246665
-0.00001764	-0.00041347	0.06262082	-0.01986904
-0.00023650	-0.00003666	0.03897610	-0.03852015
-0.00010676	-0.00025076	0.05046627	-0.03135227
-0.00006140	-0.00014467	0.06988325	-0.03541602
-0.00022109	-0.00025381	0.05205502	-0.02266228
0.00020290	-0.00030930	0.06189868	-0.03238863
0.00027195	0.00016184	0.06648633	-0.01752769
0.00015958	0.00007320	0.05494990	-0.03091219
0.00013236	0.00023127	0.06456441	-0.02431246
0.00007559	-0.00015809	0.05241183	-0.00524294
-0.00005212	0.00005550	0.06397256	-0.03149588
-0.00020826	-0.00017149	0.07799637	-0.01568840
-0.00022631	0.00021751	0.08429025	-0.03235440
-0.00009208	-0.00006919	0.07018903	-0.02992712
0.00000288	0.00004534	0.08904350	-0.03524082
-0.00029842	-0.00007011	0.08091341	-0.03899389
-0.00006102	0.00006855	0.09178516	-0.02453652
0.00015309	0.00038302	0.08408951	-0.02517865
0.00001521	0.00034647	0.07557815	-0.04071629
0.00026893	0.00021935	0.05948908	-0.03470884
-0.00015331	0.00002903	0.05844945	-0.03733931
0.00036952	-0.00018752	0.07060909	-0.04041058
0.00017861	-0.00023833	0.06853171	-0.04267692
0.00028272	0.00012796	0.07113394	-0.01523842
-0.00018994	-0.00012047	0.07230076	-0.01559426
0.00001266	-0.00006250	0.07975533	-0.03106016
0.00026954	0.00000795	0.07035873	-0.02036351
0.00003808	-0.00008194	0.09034765	-0.02377524
-0.00013423	0.00014029	0.09244716	-0.04061624
0.00009111	0.00029100	0.07038189	-0.02600820
0.00030294	-0.00007358	0.07671221	-0.01351550
0.00016889	-0.00010944	0.06466336	-0.02102063
-0.00008517	0.00028165	0.07728569	-0.02611132
-0.00007115	0.00005780	0.06293000	-0.01604911
0.00011838	-0.00016930	0.08366023	-0.02819103
0.00006430	0.00016328	0.07253763	-0.02383553
-0.00004028	-0.00007922	0.07771331	-0.03166901
-0.00020885	-0.00018725	0.09900408	-0.02177300
-0.00010495	-0.00000673	0.08940727	-0.03555753
-0.00013242	0.00020912	0.09034402	-0.03077348
-0.00018530	-0.00008202	0.08563594	-0.02944867
0.00012603	0.00034267	0.09512898	-0.04148083
0.00012046	0.00034030	0.08300028	-0.03635021
0.00014835	0.00001570	0.09362982	-0.01930645
-0.00000317	0.00044374	0.07733960	-0.03774452
-0.00003072	0.00005154	0.09052336	-0.03908732
-0.00007378	0.00029444	0.07203834	-0.02494780
0.00011998	-0.00003850	0.09633101	-0.03889946
-0.00027851	0.00002074	0.08479087	-0.03438067
0.00035689	-0.00012000	0.07924221	-0.03360468
0.00004161	-0.00009996	0.09095190	-0.02169944
0.00003621	0.00007012	0.09106498	-0.02896989
-0.00020047	-0.00011214	0.08238999	-0.06187166
-0.00027155	0.00002982	0.07541424	-0.03112507
0.00000853	-0.00020835	0.07578451	-0.02911899
0.00016818	-0.00032143	0.08805019	-0.03391112
-0.00003249	-0.00014819	0.07868210	-0.04051968
-0.00013035	0.00004888	0.08698384	-0.03439883
-0.00002590	-0.00006705	0.07915577	-0.03679354
-0.00029186	-0.00003001	0.08409709	-0.05388489
-0.00015107	-0.00007480	0.07999807	-0.04549414
0.00021562	0.00009770	0.07310842	-0.02517846
-0.00026269	-0.00014906	0.08693415	-0.03306989
0.00000302	0.00000758	0.07729144	-0.03976709
0.00033544	0.00007409	0.07987684	-0.02615940
0.00006720	0.00017509	0.08832786	-0.03555648
0.00028778	0.00001342	0.07855583	-0.03382307
-0.00007468	-0.00003087	0.07117125	-0.04529334
-0.00023447	0.00001318	0.07954970	-0.03649139
0.00018774	0.00032701	0.07518983	-0.03811371
0.00031230	0.00000610	0.06653263	-0.03842145
-0.00015374	-0.00002993	0.07532610	-0.03615028
0.00007115	-0.00016758	0.06919439	-0.03051151
0.00004014	0.00002518	0.08082813	-0.03141103
-0.00007127	-0.00007956	0.07167052	-0.02353338
-0.00006101	-0.00003159	0.07442280	-0.03137336
0.00003879	0.00027553	0.07041458	-0.04580597
0.00033009	0.00004430	0.06840190	-0.04667397
-0.00019664	0.00016944	0.07797435	-0.03265588
-0.00022605	-0.00032133	0.06497396	-0.01708375
-0.00038904	-0.00016340	0.07172324	-0.04810578
-0.00005037	-0.00002334	0.06040550	-0.02628515
0.00028598	-0.00035870	0.06949383	-0.02735494
-0.00015476	0.00013733	0.07800183	-0.02303699
-0.00032838	-0.00016974	0.08283770	-0.04076567
0.00021305	0.00000694	0.07467327	-0.02114627
-0.00007685	-0.00002180	0.07199903	-0.03918311
-0.00025116	0.00010852	0.08191456	-0.02133581
0.00023288	-0.00011502	0.07264006	-0.01897689
-0.00009188	0.00003664	0.08017922	-0.03419845
0.00007531	-0.00008636	0.06730949	-0.00983949
0.00007478	0.00003591	0.08344526	-0.02470412
-0.00001733	-0.00002134	0.08575679	-0.04139509
-0.00011104	-0.00014436	0.07662458	-0.01936213
-0.00016426	-0.00010559	0.09138377	-0.03455397
-0.00007516	-0.00008274	0.07294548	-0.01841181
0.00031937	-0.00014764	0.07231710	-0.02503741
0.00038777	0.00008177	0.08446753	-0.00791499
-0.00002075	-0.00037894	0.07358701	-0.01922355
0.00002065	0.00019746	0.08070598	-0.02220828
-0.00007238	-0.00002984	0.05873638	-0.01516193
0.00014977	0.00015370	0.07990192	-0.03424038
0.00012488	0.00024906	0.07926704	-0.02764951
-0.00034836	0.00005522	0.08865760	-0.03277699
-0.00000743	0.00041771	0.08686274	-0.01823771
0.00002541	-0.00005692	0.07483395	-0.02767287
0.00004397	-0.00007670	0.08768207	-0.02117049
-0.00025893	0.00004156	0.09154924	-0.04026312
-0.00010259	-0.00014205	0.07773346	-0.03432604
-0.00009446	0.00015434	0.07962775	-0.02024553
0.00003600	-0.00003945	0.08345098	-0.03232165
-0.00001956	0.00008536	0.08841260	-0.01685792
-0.00015415	-0.00041569	0.08477324	-0.01995858
-0.00016461	-0.00044391	0.09271785	-0.01606735
0.00019891	-0.00005349	0.07046941	-0.00927937
0.00014735	-0.00029055	0.07850829	-0.02318617
0.00017551	-0.00021830	0.09070361	-0.02954012
0.00013723	-0.00009950	0.09383149	-0.03165148
-0.00031087	0.00015115	0.08371796	-0.02595183
0.00009537	0.00016867	0.09789600	-0.03176417
-0.00019823	0.00005098	0.09415443	-0.02976514
-0.00017917	0.00001595	0.07593319	-0.02851159
-0.00035795	0.00020821	0.08239687	-0.02507570
0.00008821	0.00015989	0.08174695	-0.03304843
-0.00013042	0.00009923	0.08460642	-0.02198508
-0.00009645	0.00002591	0.08736984	-0.02987549
0.00002240	-0.00016031	0.07572948	-0.03182898
0.00017461	-0.00023040	0.08354672	-0.02561300
-0.00003247	-0.00002632	0.08804834	-0.02209612
0.00005407	0.00001321	0.08486430	-0.02579000
0.00016728	-0.00030440	0.09461877	-0.01988394
-0.00006739	-0.00007471	0.10372530	-0.03020558
0.00003171	-0.00008504	0.08114300	-0.02252688
-0.00005259	0.00003062	0.08112678	-0.02632481
-0.00003682	-0.00010979	0.07569880	-0.02623265
-0.00006855	0.00022798	0.07209929	-0.03454643
-0.00012423	-0.00007813	0.07316271	-0.03505292
-0.00000172	-0.00005184	0.07552578	-0.01035857
-0.00001575	0.00003868	0.08256945	-0.03044061
-0.00019838	0.00010611	0.08236790	-0.02855113
0.00002250	0.00004843	0.07853083	-0.03633536
-0.00021696	-0.00009484	0.06818727	-0.03406421
-0.00004450	-0.00001735	0.08105476	-0.04369834
0.00015131	-0.00026819	0.07467290	-0.02237051
-0.00024275	0.00002720	0.08218717	-0.03953459
0.00009086	-0.00003069	0.08097381	-0.02225693
-0.00025833	-0.00014883	0.07800417	-0.04336424
0.00005530	-0.00025360	0.06577101	-0.04067085
-0.00018205	-0.00007687	0.08296629	-0.03864165
-0.00026403	-0.00030345	0.07868043	-0.02464880
0.00004918	0.00028856	0.08104570	-0.02149443
-0.00003025	0.00029413	0.07922650	-0.01856622
-0.00033521	0.00008553	0.07873838	-0.03693653
-0.00010264	-0.00015411	0.08045609	-0.03331957
-0.00016193	0.00008893	0.08418925	-0.01867141
0.00022776	0.00017570	0.09584503	-0.03420395
-0.00000668	0.00003082	0.07868169	-0.02721136
-0.00065243	-0.00025054	0.08388247	-0.03883286
-0.00008910	0.00006178	0.09383545	-0.02148097
0.00015579	-0.00002550	0.08108544	-0.03218830
0.00025670	-0.00010710	0.09527668	-0.04220357
0.00027878	0.00000068	0.08949083	-0.02431336
0.00009850	-0.00023792	0.08751795	-0.02294423
0.00017712	0.00001481	0.08193179	-0.03508953
0.00022120	-0.00043828	0.08582951	-0.03667272
0.00012681	-0.00011652	0.09403928	-0.02490997
0.00021130	0.00006942	0.07836715	-0.04329751
0.00000612	-0.00015491	0.08004214	-0.03977336
-0.00025821	-0.00014028	0.08602383	-0.02863934
-0.00004918	-0.00022540	0.07181576	-0.03543333
0.00025015	-0.00029852	0.07816954	-0.03426225
-0.00002754	0.00024432	0.08360498	-0.04038592
-0.00009779	-0.00017427	0.09200394	-0.03521928
-0.00042767	0.00044116	0.07612851	-0.03671813
-0.00005933	0.00022166	0.06814620	-0.03749466
0.00005449	0.00029456	0.07664069	-0.03862199
0.00010881	-0.00000346	0.09651275	-0.03273532
-0.00010006	0.00029630	0.09093849	-0.02681292
0.00007712	-0.00002486	0.09298691	-0.03821041
0.00014207	0.00007014	0.08621324	-0.02818253
0.00009131	-0.00003135	0.10183132	-0.03681517
0.00033273	0.00009886	0.07041158	-0.03594580
0.00007286	-0.00011827	0.09624523	-0.03535119
-0.00015474	0.00001704	0.09529340	-0.03934998
0.00018059	0.00007151	0.09339338	-0.03048777
0.00023963	0.00003069	0.09191016	-0.03283902
-0.00024559	-0.00036375	0.09045650	-0.04849356
0.00013285	-0.00019274	0.07154138	-0.05497225
-0.00012652	-0.00023084	0.09565214	-0.03269366
-0.00016764	-0.00008194	0.08207934	-0.04743809
-0.00014597	-0.00011539	0.08660399	-0.03752553
-0.00015066	0.00005315	0.09477222	-0.03294833
0.00000645	0.00020432	0.06690019	-0.04272826
0.00010036	0.00017860	0.07890151	-0.04391627
-0.00005803	0.00011893	0.07535911	-0.03627283
0.00019731	0.00017749	0.09947429	-0.02775115
0.00024255	0.00007075	0.09246677	-0.05013700
0.00010929	-0.00006314	0.09034290	-0.02673904
-0.00001536	-0.00004349	0.07761080	-0.04595817
-0.00001077	-0.00011789	0.08339276	-0.03222293
-0.00008222	0.00009830	0.09479594	-0.03147871
-0.00020381	-0.00006644	0.07900735	-0.04165577
-0.00011690	-0.00041896	0.08843372	-0.05405131
-0.00009143	0.00016653	0.06695766	-0.03020511
-0.00020526	0.00002003	0.06370237	-0.04667811
-0.00007908	-0.00017755	0.08548505	-0.03657207
-0.00027851	0.00000931	0.07318231	-0.04127006
-0.00024177	0.00010348	0.08417333	-0.03777272
-0.00003080	-0.00008910	0.07818469	-0.04302501
0.00007763	-0.00027847	0.07167752	-0.03966545
-0.00003435	-0.00015247	0.07820277	-0.05067697
0.00005103	-0.00015656	0.10936607	-0.04861772
-0.00000554	-0.00041164	0.08702235	-0.03585817
-0.00003752	-0.00028845	0.07210532	-0.04141142
0.00011230	-0.00002641	0.07181801	-0.02867763
-0.00012468	-0.00018109	0.08275546	-0.04236680
0.00025925	-0.00005743	0.07477342	-0.03269866
0.00004924	0.00030755	0.08705777	-0.04214313
0.00000072	-0.00021557	0.07470992	-0.03509057
-0.00000351	0.00002300	0.05782724	-0.02747861
-0.00009217	0.00017800	0.08901257	-0.04119432
0.00008792	-0.00013179	0.08496809	-0.02494276
-0.00022841	-0.00008011	0.08169893	-0.03982191
0.00002377	0.00020333	0.07540892	-0.04201797
0.00020596	0.00027307	0.08082708	-0.04546906
0.00003722	-0.00004639	0.06263973	-0.03178469
-0.00007250	-0.00005952	0.06427712	-0.03866272
-0.00000097	-0.00002442	0.06216832	-0.03438566
0.00001563	-0.00022277	0.08129691	-0.02824285
0.00005382	0.00017549	0.07379942	-0.04312024
0.00004934	0.00009618	0.07078363	-0.03334132
0.00012384	0.00019219	0.06987844	-0.03776491
0.00016450	0.00019877	0.06121366	-0.03806115
-0.00002316	-0.00024374	0.06533178	-0.03130281
-0.00018579	0.00012231	0.07849131	-0.03714899
-0.00012700	-0.00001108	0.06937057	-0.03129453
0.00009911	0.00017488	0.06711313	-0.03198942
-0.00002252	0.00006159	0.06946944	-0.02792636
0.00021471	-0.00002590	0.09581840	-0.03510790
-0.00013926	0.00007344	0.08154541	-0.03795067
-0.00028140	0.00017337	0.07348167	-0.03352244
-0.00009349	0.00018559	0.06508019	-0.03584165
-0.00006810	0.00036528	0.07826389	-0.04125400
0.00006084	0.00037273	0.06178455	-0.04498623
0.00026684	-0.00000019	0.08295776	-0.03585211
-0.00015512	-0.00012634	0.08232873	-0.04211393
-0.00005559	0.00006397	0.07322578	-0.02320407
0.00008921	0.00002244	0.07675669	-0.03186296
0.00027983	0.00015009	0.08150087	-0.03004698
0.00014666	0.00008650	0.07750903	-0.03583583
-0.00002866	0.00008079	0.07234149	-0.04026583
-0.00004838	0.00018165	0.07382381	-0.03159818
0.00000596	0.00006769	0.08325748	-0.03217788
-0.00009305	0.00019144	0.08171647	-0.04086950
0.00002640	-0.00004301	0.07583955	-0.03256797
-0.00039404	0.00018004	0.08704780	-0.02947239
0.00001691	-0.00019069	0.07451604	-0.02329017
-0.00020562	0.00030325	0.06934765	-0.04254584
0.00006220	-0.00000901	0.05225473	-0.04023957
-0.00003378	0.00010297	0.06766387	-0.03469225
-0.00006735	-0.00004631	0.06065368	-0.02742687
-0.00019396	0.00006164	0.07617819	-0.02756390
-0.00019372	0.00020332	0.05764487	-0.04076825
0.00022623	0.00019698	0.07187774	-0.02124450
-0.00006549	0.00001820	0.08696117	-0.02559078
0.00009312	-0.00011066	0.06269094	-0.03960645
0.00017785	0.00011272	0.06048457	-0.02095182
0.00018625	0.00032637	0.07111208	-0.02904108
-0.00003695	-0.00033921	0.07803836	-0.02628347
0.00004037	0.00005915	0.08762186	-0.03484674
0.00016571	-0.00007218	0.09058764	-0.02188363
0.00000240	0.00007174	0.06779877	-0.02942133
0.00033172	-0.00009063	0.09291552	-0.02009488
0.00024946	-0.00028766	0.08829586	-0.03331262
0.00013192	-0.00018646	0.09604317	-0.03085378
0.00011780	-0.00003746	0.08633983	-0.03339708
0.00009411	-0.00016501	0.07682280	-0.03240367
-0.00008634	0.00037973	0.09366966	-0.03273150
0.00012578	0.00003528	0.08192333	-0.04993570
0.00000337	0.00010908	0.09946420	-0.03190442
-0.00015403	-0.00024378	0.08049731	-0.03990216
0.00004858	0.00021032	0.08030748	-0.04758095
0.00035291	0.00009604	0.08579340	-0.04518883
0.00028846	-0.00008265	0.07681292	-0.03933606
0.00021387	-0.00004997	0.07430025	-0.04131958
0.00011966	-0.00037559	0.07676038	-0.05392312
0.00020116	0.00023458	0.08591861	-0.03045690
0.00026972	0.00012458	0.07173230	-0.04953148
0.00007272	-0.00000959	0.08062780	-0.03057467
-0.00013214	-0.00008324	0.07937388	-0.04724192
0.00020194	-0.00023358	0.09739051	-0.03672755
0.00015747	-0.00022664	0.07579581	-0.05581486
-0.00027329	-0.00027900	0.07563132	-0.03669425
-0.00004723	0.00006166	0.07764434	-0.03916084
0.00026880	-0.00007087	0.07086581	-0.02682652
-0.00020074	-0.00016938	0.08318263	-0.03602876
-0.00032375	-0.00009098	0.08137935	-0.02706166
-0.00020938	-0.00005906	0.07804174	-0.03991438
0.00009828	-0.00004686	0.06082791	-0.03381216
-0.00019659	0.00001113	0.08026755	-0.03159057
0.00008646	-0.00002234	0.08151132	-0.03695805
-0.00004050	-0.00014379	0.08196282	-0.02608286
0.00042056	0.00015147	0.08724754	-0.04437169
0.00010784	0.00000838	0.09640368	-0.04705599
-0.00015991	0.00017778	0.09032311	-0.02546227
-0.00000814	0.00029186	0.08651085	-0.01992721
-0.00006131	0.00002111	0.08895046	-0.03918740
0.00000681	-0.00033380	0.09851858	-0.04007748
-0.00021638	-0.00018692	0.09223399	-0.05460769
-0.00016005	-0.00005282	0.09359607	-0.04328320
-0.00022251	-0.00030537	0.10113932	-0.06048789
-0.00001402	-0.00006002	0.09142042	-0.04146150
-0.00012049	0.00015980	0.10604755	-0.04307055
-0.00017462	0.00013240	0.10270068	-0.04083369
-0.00006636	-0.00005538	0.09244061	-0.05681106
-0.00013304	0.00016698	0.07228477	-0.05320855
-0.00003001	-0.00006916	0.10056174	-0.06803012
-0.00023511	0.00024662	0.08451510	-0.08036571
-0.00005063	-0.00019219	0.08164220	-0.05519213
0.00023469	0.00021431	0.07447234	-0.06801352
0.00034071	0.00035129	0.06888688	-0.06653023
0.00040974	-0.00004747	0.07006680	-0.05413395
0.00037109	-0.00002644	0.07466757	-0.05228003
-0.00020730	-0.00002919	0.06910607	-0.05598182
-0.00020202	-0.00016629	0.05396389	-0.05607568
0.00018444	-0.00019620	0.06668506	-0.04846857
0.00000163	-0.00001124	0.06385220	-0.04668888
0.00009579	-0.00024056	0.07579928	-0.06125475
-0.00031174	0.00017275	0.06053238	-0.03671191
-0.00016089	0.00000824	0.06656470	-0.04383286
-0.00009550	-0.00013798	0.05944913	-0.05148681
-0.00033584	0.00004251	0.06072699	-0.04104335
-0.00001571	-0.00015726	0.06869356	-0.04328828
-0.00008240	-0.00002263	0.07242086	-0.04285665
0.00007811	-0.00005971	0.06864533	-0.04135476
-0.00015378	0.00017226	0.05474669	-0.04702837
0.00010351	0.00005669	0.05168527	-0.04424485
0.00006069	-0.00008400	0.07302861	-0.04017041
-0.00008013	0.00030448	0.05035498	-0.03449176
0.00010910	0.00000628	0.05718310	-0.06385719
-0.00038019	-0.00009932	0.06046720	-0.03029239
-0.00016962	-0.00014494	0.05055894	-0.04672909
0.00016131	0.00008337	0.05546023	-0.06252509
0.00003812	0.00015868	0.06936525	-0.05499591
-0.00023547	0.00013995	0.07850160	-0.05267804
0.00020394	-0.00000711	0.05423402	-0.04099746
-0.00001625	0.00021057	0.05332135	-0.03741836
0.00000182	0.00011623	0.06541209	-0.04359905
-0.00019180	0.00010856	0.06588322	-0.03818165
0.00004219	0.00031191	0.06488843	-0.05679531
-0.00013343	0.00015534	0.04245452	-0.04291231
-0.00029540	0.00000351	0.05370600	-0.03686227
0.00040833	-0.00028056	0.06976015	-0.04598986
0.00001190	0.00023876	0.05234445	-0.03020873
0.00005847	0.00010556	0.05969715	-0.03638432
0.00017249	0.00004178	0.05733685	-0.03162235
-0.00004366	0.00002450	0.04599154	-0.04431531
0.00017014	0.00002714	0.05518118	-0.02440516
0.00003985	-0.00009105	0.04236419	-0.02846749
-0.00006743	-0.00001080	0.05958260	-0.02298087
-0.00001626	0.00008878	0.05338710	-0.02436522
0.00001693	0.00025317	0.04875205	-0.03503036
-0.00008960	0.00001346	0.06867420	-0.02378963
0.00008407	-0.00009641	0.05086923	-0.02285789
-0.00011961	-0.00018760	0.05361466	-0.01320655
-0.00030988	0.00004458	0.05118434	-0.02028503
-0.00018270	-0.00009722	0.06753696	-0.01839476
0.00008071	0.00008449	0.06454986	-0.02039235
-0.00020162	-0.00015908	0.06406234	-0.00670067
-0.00011124	-0.00006674	0.08171493	-0.01178556
-0.00006989	0.00006406	0.06652867	-0.02227059
-0.00011682	0.00016405	0.07679791	-0.01292422
-0.00009321	0.00000121	0.08608759	-0.01029616
-0.00027690	0.00027317	0.07676140	-0.02372475
0.00012328	-0.00023255	0.08147637	-0.01412759
0.00010548	0.00014783	0.09421542	-0.02488447
-0.00006852	0.00000737	0.07947505	-0.02596449
0.00017979	0.00011147	0.10378352	-0.01541384
-0.00021822	0.00009467	0.09164023	-0.01015008
0.00001811	-0.00006121	0.09209365	-0.02391729
0.00009562	0.00009040	0.08492556	-0.01931614
-0.00000781	-0.00020437	0.11514617	-0.03026414
-0.00009146	-0.00008351	0.09903334	-0.03693814
-0.00016945	-0.00009453	0.10116782	-0.03624089
-0.00002162	-0.00032859	0.11656327	-0.04419635
-0.00016813	-0.00014527	0.09343394	-0.05679968
-0.00007174	0.00002460	0.09913154	-0.05619416
0.00001036	0.00025395	0.09833607	-0.03939301
-0.00011086	0.00015523	0.09760870	-0.06573671
0.00012369	0.00036043	0.07572439	-0.05615907
-0.00027603	0.00002811	0.09337132	-0.05843411
-0.00000640	0.00005334	0.09274599	-0.06842665
0.00018336	-0.00004954	0.08945614	-0.05602326
0.00019363	0.00018089	0.07950654	-0.06099192
0.00029908	0.00021365	0.08262194	-0.06788458
-0.00013338	0.00001587	0.08306308	-0.05769356
0.00007419	-0.00016462	0.07971519	-0.07427453
-0.00003199	-0.00011156	0.07272498	-0.04643709
-0.00004821	-0.00008986	0.08587106	-0.06441930
0.00002964	-0.00007275	0.06588227	-0.05729283
0.00000968	0.00007470	0.08050757	-0.04774888
0.00001111	0.00005995	0.07592239	-0.05759624
0.00012882	-0.00003434	0.07397376	-0.06778349
-0.00038313	0.00012635	0.05933341	-0.05983859
-0.00022875	-0.00010855	0.06409172	-0.04963610
-0.00008353	-0.00011401	0.07488867	-0.05100920
0.00007006	-0.00010452	0.07507843	-0.05115889
-0.00006471	0.00016728	0.08035683	-0.04904945
-0.00007969	-0.00030316	0.07105479	-0.06385325
0.00026854	-0.00004857	0.08236588	-0.06092760
0.00002702	-0.00015321	0.08439238	-0.07363838
-0.00000432	-0.00007797	0.06353729	-0.06755660
-0.00004338	-0.00010730	0.06976562	-0.04197916
0.00009540	-0.00009776	0.06888750	-0.06637857
-0.00018198	0.00002207	0.06158207	-0.03957326
-0.00007787	-0.00003861	0.06507305	-0.05011287
-0.00018396	0.00002606	0.07175211	-0.05650174
0.00019662	0.00018584	0.06023468	-0.05053710
0.00019268	0.00025525	0.07240849	-0.06387461
-0.00004497	-0.00005279	0.05814558	-0.05883743
0.00030634	0.00020460	0.06298923	-0.05344145
-0.00009091	-0.00008691	0.06287285	-0.05178374
-0.00004769	0.00007781	0.06842950	-0.06119236
0.00003310	-0.00008338	0.05009647	-0.04868142
0.00007127	-0.00015607	0.06032086	-0.05787478
-0.00010099	0.00016851	0.07422991	-0.06049671
0.00009288	0.00004887	0.08643973	-0.05378290
0.00030795	0.00003452	0.05624596	-0.06371691
-0.00000219	-0.00028163	0.05501712	-0.05502064
0.00006867	-0.00022156	0.06470743	-0.06504753
0.00014240	-0.00019098	0.05723137	-0.05184987
0.00022288	-0.00000135	0.05721814	-0.05003087
-0.00017600	0.00026846	0.06628132	-0.06700045
0.00004496	-0.00001282	0.05179086	-0.06175513
-0.00013814	-0.00002548	0.06181349	-0.04945282
-0.00028902	-0.00014848	0.06012395	-0.03827220
0.00016943	0.00001970	0.06526372	-0.05474773
-0.00004550	-0.00002544	0.05584447	-0.06085581
0.00008127	-0.00005794	0.05628047	-0.05569650
-0.00000416	0.00029534	0.05706468	-0.05253338
0.00004044	0.00008034	0.04980848	-0.06138722
0.00013626	-0.00008926	0.04130920	-0.05385834
0.00019194	0.00025229	0.04640706	-0.07400975
0.00011638	0.00031087	0.04433071	-0.06568975
-0.00007557	0.00014982	0.06226902	-0.05778416
-0.00005670	-0.00022745	0.05693364	-0.05845138
0.00005753	-0.00013806	0.05290886	-0.06596552
0.00016336	0.00006353	0.04886452	-0.05031475
-0.00011804	-0.00031439	0.05477014	-0.04796477
0.00014024	-0.00033752	0.05900048	-0.06568127
-0.00015724	-0.00027220	0.05079075	-0.05453627
0.00012698	0.00026551	0.04417646	-0.05403879
-0.00010166	-0.00009809	0.05473815	-0.05416839
-0.00000185	0.00006088	0.05257737	-0.04053662
0.00004477	0.00015842	0.06112762	-0.05045054
0.00007045	-0.00033028	0.04402449	-0.06780179
-0.00015855	-0.00018543	0.05835105	-0.06252662
-0.00014621	-0.00015844	0.04346077	-0.06251288
-0.00006140	-0.00014257	0.06947097	-0.05742403
0.00014173	0.00007409	0.05660134	-0.06079707
0.00019278	0.00015667	0.05878123	-0.05158338
-0.00005409	-0.00019121	0.04884075	-0.04428184
-0.00003081	-0.00016712	0.05539093	-0.06277313
0.00014577	0.00007893	0.03924440	-0.05274505
0.00004728	0.00016428	0.05721181	-0.05814841
-0.00008149	0.00001380	0.04461727	-0.05286802
-0.00016449	0.00014317	0.04675504	-0.07399126
0.00011514	0.00007513	0.05993743	-0.04955423
0.00009982	0.00003182	0.05045117	-0.05899969
0.00024042	0.00023144	0.04564705	-0.06986609
0.00030437	0.00007970	0.05372101	-0.05980148
0.00027099	0.00019623	0.04171267	-0.04840237
-0.00010390	-0.00002769	0.03886080	-0.04617452
0.00003322	-0.00006590	0.03124882	-0.05865908
-0.00005945	0.00021792	0.04364416	-0.06694466
0.00003029	0.00005845	0.04527135	-0.04806626
0.00001427	-0.00006511	0.04420893	-0.05108524
0.00003712	-0.00009816	0.03154508	-0.05412081
0.00001605	-0.00032356	0.03484400	-0.05137528
0.00014034	0.00029653	0.05580125	-0.04724462
0.00030425	0.00012106	0.03638609	-0.06356390
0.00021279	0.00013441	0.04370653	-0.06230165
0.00042082	-0.00018047	0.03321755	-0.04312856
-0.00005288	-0.00025130	0.04094525	-0.04131684
-0.00034831	-0.00013498	0.04632949	-0.05906469
-0.00012875	0.00026591	0.03854623	-0.05717210
-0.00003350	-0.00005799	0.04153136	-0.04801558
0.00020041	0.00037783	0.04552809	-0.05456534
-0.00002520	0.00022176	0.03742301	-0.04090144
0.00006052	-0.00002835	0.03818775	-0.06022596
0.00017748	0.00015414	0.04758851	-0.05319741
0.00016133	-0.00004651	0.04426736	-0.05234306
0.00013422	0.00037460	0.03834521	-0.03915212
0.00010441	0.00021459	0.03676733	-0.05643825
0.00011176	-0.00015807	0.04067557	-0.05161389
0.00009662	0.00008131	0.02833267	-0.05480357
-0.00003653	-0.00010461	0.03716294	-0.03475027
0.00020637	0.00019029	0.05220130	-0.04150221
-0.00008455	-0.00016208	0.03835491	-0.05905110
0.00006277	-0.00003243	0.02603283	-0.03386637
-0.00001109	-0.00014792	0.03623519	-0.03721330
-0.00030181	0.00012177	0.03128477	-0.03848593
0.00005525	-0.00032225	0.03950199	-0.04979190
0.00014103	-0.00002331	0.03634001	-0.05744262
0.00013293	0.00012263	0.03478217	-0.03580155
-0.00002677	-0.00020870	0.03649262	-0.05449909
0.00008329	-0.00004308	0.02365662	-0.05237030
-0.00025998	0.00005566	0.02479548	-0.04106503
0.00004934	0.00016607	0.04266745	-0.04603634
0.00007396	0.00013512	0.03068242	-0.04448089
-0.00009201	-0.00008673	0.02492921	-0.04405185
0.00004363	0.00010352	0.01926326	-0.05781597
-0.00016414	0.00001066	0.03446375	-0.05582994
-0.00001515	0.00009005	0.03892942	-0.04346743
0.00024985	-0.00022351	0.02836234	-0.03874409
-0.00026222	-0.00023671	0.03474733	-0.06488908
-0.00027838	-0.00001064	0.03163458	-0.04505531
-0.00018393	0.00007827	0.03082475	-0.03390882
0.00006734	-0.00004059	0.04725932	-0.04252008
-0.00012142	0.00020938	0.03302657	-0.05151032
-0.00010455	0.00007719	0.02450875	-0.05214991
-0.00001417	-0.00030141	0.02420681	-0.04870661
0.00009542	0.00010445	0.03986885	-0.05062548
-0.00009535	0.00038574	0.03919283	-0.04263440
0.00010134	0.00048308	0.03513137	-0.05142347
-0.00009890	0.00010037	0.03738062	-0.04722656
0.00006351	0.00004609	0.04415983	-0.03833618
0.00003499	0.00019278	0.02808060	-0.04720142
0.00031087	0.00006047	0.03286889	-0.04377966
0.00033474	-0.00025699	0.03063621	-0.02784912
-0.00013698	0.00025783	0.04022098	-0.03205994
-0.00000367	0.00043468	0.03803915	-0.02295028
0.00004477	0.00005042	0.02549535	-0.04130775
-0.00009759	-0.00020341	0.02721576	-0.05148118
-0.00001648	-0.00020814	0.04541217	-0.05219296
-0.00003368	-0.00003402	0.04408208	-0.03698191
0.00009851	-0.00035529	0.03998298	-0.05076760
-0.00025881	-0.00001421	0.02544353	-0.05470531
-0.00013855	0.00014814	0.04458532	-0.04079935
-0.00030442	0.00002466	0.03878949	-0.03447261
0.00018835	-0.00006341	0.02687244	-0.04159392
0.00025842	0.00028695	0.02777255	-0.03025057
-0.00039934	0.00017692	0.02924428	-0.03614830
-0.00019277	-0.00019620	0.02441331	-0.05855880
0.00030085	0.00004608	0.03737089	-0.03491692
-0.00010415	-0.00004781	0.03410772	-0.04127496
-0.00011991	-0.00004260	0.02578092	-0.03991900
0.00028043	-0.00006202	0.02071353	-0.03684577
0.00006758	-0.00010618	0.04421109	-0.04447829
-0.00005383	-0.00008652	0.03812653	-0.02602100
-0.00027652	-0.00013880	0.03652856	-0.02985374
0.00004626	-0.00005975	0.02504805	-0.04817051
-0.00011906	0.00010096	0.04474222	-0.02969406
0.00005168	0.00034163	0.04180439	-0.05152588
0.00005409	-0.00009052	0.03492335	-0.04708659
-0.00000814	-0.00040199	0.03991322	-0.04300230
-0.00048070	0.00014261	0.02645646	-0.05007767
0.00000086	0.00027681	0.03560491	-0.05798845
0.00002508	0.00006701	0.03180826	-0.04072839
-0.00014195	-0.00016457	0.02851194	-0.03701799
-0.00039883	-0.00019572	0.03499129	-0.04378704
0.00036109	-0.00014884	0.02707904	-0.04177344
0.00003800	0.00004719	0.02905157	-0.04383717
0.00013372	0.00005697	0.02842504	-0.02802965
-0.00002488	-0.00024181	0.04519058	-0.04052659
0.00009627	-0.00001421	0.02308053	-0.04383916
0.00000313	-0.00000753	0.02633827	-0.05070708
-0.00008819	0.00009533	0.03880760	-0.03823229
0.00015967	-0.00019178	0.03469654	-0.04009492
-0.00014096	-0.00021171	0.03307063	-0.04347092
0.00024267	-0.00015441	0.03800880	-0.02709075
-0.00000074	-0.00015217	0.03508665	-0.03798786
-0.00002770	0.00016323	0.03498006	-0.03728721
-0.00020807	0.00017305	0.02595188	-0.03156300
-0.00032105	-0.00014988	0.02740192	-0.03307708
0.00008760	-0.00053608	0.03787265	-0.03980382
-0.00006201	-0.00010934	0.05149623	-0.03814519
-0.00009224	-0.00001006	0.04126040	-0.03562425
0.00002716	0.00003181	0.03182729	-0.04736665
-0.00003238	0.00007301	0.03235471	-0.04896293
0.00012522	-0.00002696	0.03481042	-0.04003332
0.00019940	-0.00005161	0.02624217	-0.03044227
0.00012344	-0.00001503	0.02336856	-0.03829042
0.00011528	-0.00005430	0.02938725	-0.03138666
0.00016259	0.00007315	0.03087550	-0.03792805
-0.00008636	0.00013259	0.02191185	-0.05280712
-0.00000400	-0.00009041	0.02611374	-0.04316552
0.00025579	0.00014558	0.01736504	-0.03740445
-0.00031068	-0.00012800	0.03052259	-0.04103962
0.00003264	0.00005719	0.02228597	-0.04527692
-0.00009690	-0.00001997	0.01577156	-0.04566897
-0.00010016	-0.00015248	0.02964639	-0.02922626
-0.00006056	-0.00008600	0.02230593	-0.02968276
-0.00011371	0.00004338	0.02522657	-0.03207998
0.00007359	-0.00011041	0.03495814	-0.04409238
-0.00004637	-0.00002868	0.02565158	-0.04347803
-0.00010437	-0.00025565	0.03636315	-0.03802361
0.00029727	-0.00021757	0.02381545	-0.04087532
-0.00004750	0.00001131	0.02508143	-0.03763961
-0.00007488	-0.00006598	0.02451769	-0.02815405
-0.00011238	-0.00003045	0.03512874	-0.03814254
0.00004208	0.00016306	0.02486706	-0.04626769
-0.00026239	-0.00006178	0.02663714	-0.03754913
-0.00008671	0.00004201	0.02881342	-0.04744162
0.00028334	-0.00029473	0.02842416	-0.03090805
0.00043527	-0.00017251	0.04010014	-0.03833274
-0.00024280	0.00005420	0.03979341	-0.03503799
-0.00011769	-0.00026670	0.03866498	-0.03770341
-0.00001496	0.00008730	0.03240891	-0.03482687
-0.00017057	-0.00000765	0.02536812	-0.04164263
-0.00006652	0.00011074	0.02832178	-0.03962049
0.00033439	0.00002499	0.02697038	-0.05099100
0.00023610	-0.00024550	0.03638267	-0.04073512
-0.00005820	0.00009451	0.02203735	-0.03264711
0.00012569	0.00006901	0.03314859	-0.04133545
0.00008283	0.00011347	0.00924170	-0.03244335
0.00024642	-0.00015131	0.02332839	-0.04811556
0.00030394	0.00012148	0.03430078	-0.03580107
-0.00016316	-0.00015569	0.03493984	-0.04535679
-0.00005260	-0.00010334	0.00990602	-0.03075071
0.00001944	-0.00017380	0.03859869	-0.03036195
0.00041936	0.00017831	0.02064430	-0.02556510
0.00000253	-0.00006230	0.03265260	-0.02658909
0.00013814	-0.00013264	0.02585798	-0.03064967
-0.00024022	0.00002384	0.03721382	-0.03600329
-0.00034362	-0.00000877	0.03228035	-0.04545664
-0.00025372	-0.00009541	0.01607539	-0.01986115
-0.00016118	-0.00006030	0.03455152	-0.02936022
-0.00016105	0.00010121	0.02951239	-0.03460061
0.00017269	0.00006462	0.02329440	-0.03693161
0.00012983	0.00004521	0.03568931	-0.04157570
0.00014361	0.00007057	0.02680852	-0.04591367
0.00004005	-0.00001574	0.02434665	-0.04181424
-0.00009064	0.00018745	0.03481770	-0.04380738
-0.00032898	0.00012555	0.03311955	-0.04103708
-0.00010293	0.00014371	0.02758803	-0.02017926
0.00007702	-0.00028215	0.02678351	-0.03881741
-0.00010128	-0.00002739	0.01471737	-0.03670746
0.00024854	-0.00025675	0.02110470	-0.04260804
0.00017826	0.00012723	0.03142726	-0.05562702
0.00010376	-0.00006944	0.02221434	-0.04162905
-0.00003045	0.00022791	0.02774993	-0.04080677
0.00007388	0.00025808	0.02141848	-0.05090969
0.00002675	-0.00010165	0.01519681	-0.03561103
-0.00000630	0.00004814	0.01986332	-0.04587874
0.00015760	0.00001665	0.01031735	-0.03505132
-0.00025564	-0.00012320	0.02496327	-0.02926985
-0.00019811	-0.00005089	0.00902474	-0.02927573
0.00007195	-0.00030787	0.01914480	-0.02969429
0.00004974	0.00000448	0.02273498	-0.03615149
-0.00000861	-0.00009075	0.02517483	-0.04216055
0.00011911	-0.00001695	0.02147004	-0.03131242
-0.00011657	0.00013810	0.02847685	-0.04639714
0.00023645	-0.00001917	0.02622281	-0.03187331
-0.00007725	0.00020158	0.00775150	-0.03649882
0.00014789	-0.00001767	0.01868678	-0.02331386
0.00010512	-0.00014106	0.02183809	-0.04204352
0.00002221	-0.00004545	0.00561306	-0.02370109
-0.00018743	-0.00006881	0.00650045	-0.03464555
0.00013333	0.00010613	0.02149926	-0.01661275
-0.00012034	-0.00008465	0.00761134	-0.03328562
0.00007554	0.00000368	0.01781858	-0.01957934
-0.00002571	0.00002294	0.02939303	-0.03328744
-0.00020071	0.00021093	0.02756540	-0.02694549
0.00007555	-0.00007115	0.02048159	-0.01772977
-0.00014596	0.00019376	0.03191502	-0.03851142
0.00004793	0.00022871	0.02193386	-0.02494174
0.00000475	-0.00008056	0.02467886	-0.03372834
-0.00037181	0.00017516	0.02835491	-0.01401485
0.00009829	-0.00007666	0.02020377	-0.03071389
-0.00027502	-0.00000658	0.01986209	-0.03092657
-0.00001650	-0.00002088	0.04536335	-0.02814771
-0.00021043	0.00010744	0.03383582	-0.03642812
-0.00014733	-0.00021006	0.02842334	-0.03312139
-0.00000050	-0.00012362	0.02529001	-0.04038999
0.00010538	-0.00013681	0.02405319	-0.02631399
-0.00001650	-0.00005898	0.02145538	-0.02396075
0.00006627	-0.00034546	0.00879401	-0.01998449
-0.00010576	-0.00012543	0.02499063	-0.03478526
-0.00004074	-0.00003729	0.00892235	-0.03977636
-0.00023018	0.00000721	0.02686338	-0.03580543
0.00000291	-0.00006445	0.02758417	-0.02984226
0.00011003	-0.00024490	0.01732096	-0.02357739
-0.00036782	-0.00013843	0.02278242	-0.03628678
-0.00028136	0.00007971	0.01756767	-0.02251820
0.00000254	-0.00017675	0.01956464	-0.03415896
-0.00032153	-0.00040455	0.02320225	-0.02415764
0.00014638	-0.00001964	0.02568094	-0.03179998
0.00008039	0.00018748	0.00478711	-0.03823929
-0.00013271	-0.00014482	0.01192246	-0.02147846
0.00003486	0.00021227	0.02314984	-0.02888331
-0.00000741	0.00009013	0.01808543	-0.04146975
-0.00000730	-0.00017198	0.00918060	-0.03259501
0.00002126	0.00027298	0.02205067	-0.04435623
0.00000744	0.00006218	0.02534593	-0.03428116
-0.00031180	-0.00013342	0.03167534	-0.04832285
0.00010474	0.00012730	0.00816586	-0.02259777
0.00002602	0.00021872	0.02033204	-0.04024474
-0.00016705	0.00013959	0.01504367	-0.03484015
0.00011138	0.00032776	0.01339481	-0.02940620
0.00029779	0.00009697	0.01345613	-0.03120417
-0.00009739	-0.00009310	0.01951711	-0.02785908
0.00004469	-0.00008604	0.02102434	-0.03212055
-0.00029494	0.00001856	0.00405374	-0.04471512
0.00015251	-0.00012968	0.01310523	-0.03773963
-0.00011124	-0.00009118	0.03330739	-0.02563100
0.00025141	0.00029468	0.00801019	-0.02904110
-0.00002900	0.00011079	0.02908445	-0.03372770
-0.00022497	-0.00014731	0.01470573	-0.03844722
-0.00018685	0.00015088	0.00610183	-0.03410997
-0.00009886	0.00011627	0.01029381	-0.02388072
0.00004746	-0.00013886	0.03006571	-0.03297405
-0.00008547	0.00007724	0.00441573	-0.04404900
-0.00004993	0.00003027	0.01620560	-0.04138187
-0.00025643	0.00012435	0.01621694	-0.02856660
0.00012446	0.00010540	0.01683016	-0.03394333
0.00022019	0.00002654	0.01534326	-0.03058377
-0.00006288	-0.00005277	0.00655741	-0.04006587
0.00013659	0.00005019	0.01025156	-0.02559293
-0.00012582	0.00013676	0.00278925	-0.02918057
0.00015901	0.00032224	0.02184992	-0.04004544
0.00019175	-0.00011993	0.01016018	-0.02746142
0.00018615	0.00025906	0.01813549	-0.03667718
0.00008042	0.00009075	0.00373117	-0.02947965
0.00012800	-0.00017918	0.02213808	-0.02625696
0.00024472	-0.00017587	0.02290032	-0.03466617
-0.00014417	-0.00003296	0.02607299	-0.01700634
-0.00018060	-0.00001646	0.01882641	-0.01278281
-0.00009382	-0.00012247	0.01249792	-0.01465728
-0.00018407	0.00002282	0.02265206	-0.02886051
0.00011127	0.00016104	0.01141328	-0.02384953
-0.00002516	0.00001630	0.01358795	-0.01120336
-0.00017124	0.00017785	-0.00022965	-0.01954210
0.00022198	-0.00016126	0.00227893	-0.03293947
0.00008968	0.00043500	0.02349151	-0.03149782
0.00022947	0.00033285	0.01229771	-0.03010349
0.00031162	0.00019446	0.01532311	-0.01851813
0.00017862	0.00011613	0.01959395	-0.02296253
-0.00015435	0.00018891	0.01970248	-0.02973714
-0.00007409	0.00011451	0.01116202	-0.01284765
0.00020890	-0.00032397	0.01688468	-0.03589859
0.00002367	-0.00019455	0.01086703	-0.03166342
-0.00002959	-0.00002678	0.00593765	-0.01883876
-0.00036464	0.00023100	0.00595002	-0.01815024
-0.00028508	0.00011659	0.00782057	-0.03316294
-0.00051099	-0.00027368	0.00625208	-0.02936780
0.00008257	-0.00004601	0.01302183	-0.03204158
0.00006576	-0.00021118	0.02364861	-0.02537881
0.00024464	0.00006232	0.00893933	-0.02758954
-0.00023015	0.00020369	0.01995434	-0.03004977
0.00003792	-0.00006151	0.01468637	-0.01949183
0.00005929	0.00027014	0.01934872	-0.02571732
0.00011072	-0.00005869	0.01320388	-0.01813756
-0.00000952	0.00004043	0.00369425	-0.03624693
0.00006049	-0.00018873	0.01783053	-0.02640717
-0.00032239	-0.00000475	0.01581556	-0.03031448
0.00013154	0.00006375	0.01877061	-0.03120624
-0.00034178	-0.00014345	0.01344039	-0.01385522
0.00001781	0.00000894	0.01118288	-0.03568799
-0.00017344	0.00020925	0.01448794	-0.02968387
0.00015567	-0.00027173	0.01500647	-0.02186052
-0.00026776	-0.00004032	0.01858787	-0.03126041
-0.00006946	-0.00005159	0.01080313	-0.01974330
0.00010942	-0.00014097	0.02053369	-0.01850050
-0.00001862	0.00012254	0.00434063	-0.01806745
0.00020821	0.00015537	0.01293289	-0.02716227
-0.00006015	0.00037183	0.01875789	-0.01979789
0.00035538	-0.00012447	0.01589325	-0.02750778
0.00006587	0.00019578	0.00994280	-0.01710317
-0.00007132	-0.00016652	0.00344886	-0.02122895
0.00004695	0.00022799	0.00144168	-0.02933994
0.00040882	0.00007191	0.00270537	-0.01951001
0.00005609	-0.00001295	0.02296849	-0.02893107
-0.00002344	-0.00010594	0.01420879	-0.03238463
0.00017485	-0.00008468	0.01045044	-0.02613688
0.00008850	-0.00032642	0.01093589	-0.02478304
0.00008620	-0.00026029	0.00147936	-0.01669646
0.00018950	-0.00013906	0.00218096	-0.02378150
-0.00020592	-0.00021027	0.01851118	-0.00808194
-0.00001869	-0.00001007	0.00374551	-0.01215994
-0.00012700	-0.00002940	0.02211247	-0.02286646
-0.00041756	0.00025089	0.01140905	-0.01810255
-0.00001380	-0.00001929	0.01554791	-0.01189371
0.00003978	-0.00016146	0.01366858	-0.03380292
-0.00015895	0.00015880	0.00701744	-0.02191035
-0.00025554	0.00013899	0.00152247	-0.02963402
-0.00004133	-0.00009271	0.01220646	-0.02550167
-0.00001931	0.00026373	0.01170402	-0.01902215
-0.00006674	0.00000826	0.00717490	-0.02681642
-0.00005796	-0.00005720	0.00807223	-0.02375214
0.00011821	0.00024487	0.02443401	-0.02881623
0.00028473	0.00007602	0.01361439	-0.01864686
-0.00000540	0.00013617	0.00776981	-0.01950660
-0.00029942	0.00005591	0.01064677	-0.02093163
-0.00001100	-0.00035254	0.01372368	-0.01355185
0.00004928	0.00000677	0.01308541	-0.01304614
-0.00022342	0.00003991	0.00377428	-0.03213028
-0.00018811	-0.00025209	0.01724537	-0.02865475
0.00013641	0.00048786	0.01043996	-0.01287283
-0.00024579	-0.00008597	0.00534689	-0.03161519
0.00021688	-0.00024203	0.01578031	-0.02103919
0.00005548	0.00003310	0.00279314	-0.01374682
-0.00012040	-0.00008535	-0.00733302	-0.02746849
-0.00024032	-0.00008296	0.01538901	-0.01708945
-0.00015835	-0.00006387	-0.00048860	-0.02441589
-0.00022727	0.00006453	0.00667016	-0.00827074
-0.00002036	0.00006187	0.01613486	-0.02597136
-0.00002138	0.00003102	0.02107327	-0.02967212
0.00028121	-0.00008083	0.02614068	-0.01468919
0.00013113	-0.00002480	0.00885120	-0.01076950
-0.00034904	-0.00017042	0.01041601	-0.01401759
0.00002629	-0.00041292	-0.00182424	-0.01099037
0.00016400	-0.00018668	0.01459474	-0.01308214
0.00021716	-0.00010685	0.01040868	-0.01249825
-0.00013779	-0.00004327	0.01378621	-0.02207116
0.00034019	-0.00003287	0.01248284	-0.01821223
0.00029204	-0.00016260	0.00652821	-0.03186928
0.00036839	0.00012208	0.00421782	-0.01712358
-0.00016703	-0.00002100	0.00009451	-0.02146724
0.00023444	-0.00005801	0.00823158	-0.01525193
-0.00003742	0.00007283	0.01359236	-0.02087026
0.00008242	-0.00002864	0.01392235	-0.01799385
0.00024069	0.00017666	-0.00127679	-0.01972215
-0.00006567	-0.00012231	0.02341672	-0.02104814
0.00011090	-0.00005205	0.00864437	-0.01010206
0.00002144	0.00002503	0.00369849	-0.01801057
0.00007236	0.00009850	0.00551459	-0.01475896
0.00001984	0.00002635	0.01425958	-0.01304003
0.00001386	-0.00016523	-0.00514854	-0.02011467
0.00001783	-0.00020506	-0.00005164	-0.01337378
-0.00008390	0.00018483	-0.00228761	-0.02885097
0.00005709	0.00027384	0.00490103	-0.01615273
0.00022010	-0.00000245	0.01420025	-0.02735680
-0.00001103	-0.00007794	0.00757323	-0.02698437
-0.00008783	-0.00002226	0.00800261	-0.03498328
0.00019086	0.00048658	0.01788827	-0.01777303
-0.00014640	0.00005331	0.00519683	-0.03008407
0.00005970	-0.00018150	0.02246457	-0.02110696
0.00020848	-0.00020389	0.01123069	-0.02552042
-0.00017670	-0.00021894	-0.00126813	-0.03703507
-0.00006934	-0.00030648	0.01121449	-0.02236826
0.00014716	-0.00001703	0.01692346	-0.02000362
-0.00027802	-0.00018177	0.02118490	-0.01574512
-0.00003262	0.00011954	0.01419557	-0.01766200
-0.00016468	-0.00005254	0.02265593	-0.01629191
0.00014023	-0.00006655	0.00517169	-0.01584453
0.00005104	0.00001261	0.00136184	-0.01235144
-0.00010091	-0.00007692	0.00586700	-0.02566183
0.00005084	0.00008800	0.00345711	-0.01924339
0.00008426	0.00014488	-0.00225479	-0.01844713
0.00002372	0.00005331	0.00130091	-0.01249762
0.00035749	-0.00009301	0.00403821	-0.01352122
-0.00003562	-0.00006803	0.00999928	-0.02322325
0.00006067	-0.00010999	0.01143985	-0.00540826
0.00023976	-0.00003674	0.00164397	-0.02094430
-0.00001431	-0.00034900	-0.00097083	-0.02093192
0.00014174	-0.00007684	0.01275865	-0.01091113
-0.00000822	-0.00025909	0.00770611	-0.01080259
0.00015536	-0.00011352	0.00799391	-0.00811771
-0.00037583	-0.00008857	-0.00424785	-0.01370136
0.00014673	-0.00010082	0.00471937	-0.01458281
-0.00040459	0.00011109	-0.00216562	-0.02131932
-0.00005151	-0.00019062	0.00768150	-0.00278533
0.00009632	-0.00013376	0.01015105	-0.01038090
-0.00044017	0.00018085	0.00519018	-0.01371002
0.00023457	0.00018023	0.00039932	-0.00656704
-0.00023682	-0.00000015	-0.00273633	-0.02040477
0.00005862	0.00002257	0.01359049	-0.01387577
-0.00003361	0.00037859	0.01452109	-0.02255240
-0.00017267	-0.00004289	0.00001142	-0.01497199
-0.00011579	0.00016852	0.01073684	-0.01343694
0.00001768	-0.00023540	0.00643187	-0.00546501
-0.00020575	-0.00018453	0.00920470	-0.01394004
0.00023460	0.00014139	0.01023791	-0.00530712
0.00003122	-0.00018383	0.02064689	0.00105398
0.00026515	-0.00024015	0.00459555	-0.01364034
0.00011997	-0.00027990	-0.00154216	-0.01766474
0.00020947	-0.00021402	0.01344297	-0.01685119
0.00001297	0.00003580	0.00336972	-0.00661201
-0.00017951	0.00002344	0.00945463	-0.01009828
-0.00014490	0.00001408	0.00793502	-0.02442656
-0.00002569	-0.00009384	0.00925227	-0.01298019
-0.00003780	-0.00012603	-0.01234563	0.00073615
-0.00022707	-0.00004107	0.00200561	-0.01708995
0.00031030	0.00004281	0.01111834	-0.00348685
0.00018024	0.00002501	0.00379075	0.00010704
0.00020939	-0.00009314	0.01394454	-0.00236702
-0.00018120	0.00007651	0.00833418	-0.02787722
-0.00005549	-0.00015563	-0.00195929	0.00934019
0.00019011	-0.00010695	0.00968937	-0.01450073
0.00032627	-0.00028038	-0.00286803	0.00416392
0.00004707	-0.00017270	-0.00199331	-0.01255723
-0.00019388	0.00029672	0.00782888	-0.00290621
-0.00005930	0.00000899	0.00041089	-0.01107717
-0.00008189	0.00014127	0.00445431	-0.01489130
0.00020320	-0.00011425	0.00633239	-0.01466935
-0.00027602	0.00011999	-0.00223591	0.00904662
0.00002747	0.00005682	0.00639478	-0.00307250
-0.00020978	-0.00016691	0.00437915	-0.00359253
-0.00009789	-0.00014812	0.02471134	-0.01425657
-0.00023797	-0.00016894	0.00834098	-0.01611132
-0.00003726	-0.00001516	0.00077765	-0.01341573
-0.00005433	-0.00015180	0.00447154	-0.01046898
0.00009953	0.00005050	-0.01129558	0.00169962
-0.00001430	-0.00003221	0.01263489	-0.00823846
0.00009600	0.00003664	-0.00010911	-0.01089005
0.00018019	-0.00004098	0.02152243	-0.00842800
-0.00020718	-0.00010538	0.00546985	-0.00727506
0.00009416	0.00034795	-0.00228181	-0.01024977
-0.00019593	0.00001458	0.00058164	-0.00558418
0.00017833	0.00000426	-0.00116492	-0.01166352
0.00021649	-0.00011246	0.00135288	-0.01676794
-0.00020842	-0.00001563	0.00242882	-0.02147815
-0.00016937	0.00020760	0.00207106	-0.02184756
0.00002057	0.00000992	-0.00360194	-0.01642075
-0.00028819	0.00017385	0.01277942	-0.01175853
0.00019221	-0.00000890	0.01522785	-0.01476868
0.00024183	-0.00010726	0.00530609	-0.00002466
-0.00011147	0.00019230	0.02060455	0.00578251
0.00000038	0.00007489	0.00332212	0.00332266
-0.00021477	0.00024375	0.00983158	-0.01107834
0.00003787	-0.00023156	-0.00933597	-0.00738328
0.00003889	-0.00014840	-0.00084800	-0.00680300
-0.00049985	-0.00005423	-0.00234864	-0.00618414
-0.00012211	-0.00007945	0.00629174	-0.00451366
0.00013129	0.00004005	-0.00752039	-0.00845648
0.00006783	-0.00008154	0.00676049	-0.00383657
0.00000020	0.00018553	-0.00174747	-0.01232538
-0.00015610	0.00020519	0.00046527	-0.00543018
-0.00009022	0.00022191	-0.00326908	-0.00439050
-0.00019986	0.00013281	0.00480398	0.00348169
-0.00028997	-0.00005079	-0.00165269	0.00098767
-0.00034700	-0.00018506	0.00615453	-0.00734585
-0.00008499	-0.00017484	0.00654612	-0.00416300
0.00006073	-0.00002755	0.00428675	0.00422799
-0.00044417	0.00006700	0.00549559	0.00171266
-0.00022802	0.00007005	-0.00537431	-0.00554183
-0.00029059	-0.00004793	0.00635147	-0.00680118
0.00014003	0.00025917	0.00475004	0.00329265
-0.00017104	0.00038382	0.00527908	-0.01094622
0.00038601	-0.00019395	0.00500525	-0.01035461
0.00019883	0.00025953	0.00037783	-0.00198215
0.00002282	-0.00000183	0.01253413	-0.01015926
-0.00011781	-0.00011732	0.00130880	-0.00675713
-0.00028727	0.00007450	-0.00325132	-0.00524798
0.00041996	0.00003019	-0.00035736	0.00926966
-0.00025077	-0.00004864	-0.00371910	0.00362925
-0.00004924	-0.00011481	0.00789096	-0.01497283
0.00002242	-0.00007808	0.01009314	-0.00751861
0.00007686	0.00025016	-0.00783572	-0.00797409
-0.00001815	-0.00033097	0.00670261	-0.01314890
0.00005225	0.00027471	0.00316628	0.00150549
-0.00004134	0.00030663	0.01337588	-0.00337291
0.00003463	0.00000122	0.00411456	-0.00068965
-0.00006986	-0.00003964	-0.00443697	0.00747178
0.00014441	0.00017805	0.00876137	-0.00250370
0.00000805	-0.00000978	0.00714328	-0.01962483
0.00010650	0.00025491	0.01005585	-0.00440078
-0.00000739	0.00000557	0.01046806	-0.00103091
0.00003780	-0.00020895	0.01359038	-0.00054364
0.00008991	0.00001426	0.01292629	-0.00513896
-0.00011856	0.00007447	0.00040505	-0.00262980
0.00017747	0.00001212	0.01146806	-0.00506470
0.00027510	0.00010073	0.00771626	-0.00190379
0.00033798	0.00007264	0.00021864	-0.01380097
0.00029727	0.00013299	0.01001841	0.00555556
-0.00014834	-0.00021549	0.01030920	-0.00184993
0.00016479	-0.00002569	0.01238678	-0.01574238
-0.00005809	0.00003219	-0.00533491	-0.00311428
-0.00013233	0.00038807	0.00201857	-0.00915723
-0.00009997	0.00002747	0.00765114	-0.00979102
0.00005009	-0.00019605	-0.00859746	0.00301184
-0.00002568	-0.00018324	0.00584250	-0.00060056
0.00012903	-0.00029567	0.00329798	-0.00131555
0.00021645	-0.00004226	-0.00546566	-0.00987337
-0.00001260	0.00016876	0.00395563	-0.00915459
0.00019374	0.00010209	-0.00204817	-0.00773974
-0.00013138	0.00018159	-0.00088831	-0.00377847
0.00008797	-0.00010572	-0.00682221	-0.00515522
-0.00008208	-0.00007151	-0.00843028	-0.00677553
0.00000930	0.00002302	-0.01944718	-0.00521060
0.00000446	-0.00023352	-0.00142041	-0.00604408
-0.00018798	-0.00023131	-0.00847166	-0.01388055
0.00007691	0.00014060	0.00395476	-0.00886979
0.00004689	-0.00008863	-0.00553698	0.00706677
0.00011887	-0.00038794	0.00336523	0.00459410
0.00016612	-0.00018881	-0.01655924	-0.00167818
0.00013813	-0.00028682	0.00061777	0.00863724
-0.00004312	0.00041895	-0.00836014	-0.01047816
-0.00021388	0.00024768	0.00232629	0.00231530
-0.00006647	-0.00018036	0.01132995	0.00932704
0.00000559	0.00022876	-0.00173765	0.00376577
