jMRUI Data Textfile

Filename: /Users/Georg/Documents/MATLAB/osprey/exampledata/sdat/UnEdited/derivatives/jMRUIFiles/mrs_sub-02_ses-01_press_sub-02_PRESS_35_act_jMRUI_A.TXT

PointsInDataset: 2048
DatasetsInFile: 1
SamplingInterval: 5.000000E-01
ZeroOrderPhase: 0E+00
BeginTime: 0E+00
TransmitterFrequency: 1.277507E+08
MagneticField: 3.000462E+00
TypeOfNucleus: 0E+00
NameOfPatient: No Name
DateOfExperiment: 
Spectrometer: TrioTim
AdditionalInfo: jnear


Signal and FFT
sig(real)	sig(imag)	fft(real)	fft(imag)
Signal 1 out of 1 in file
0.05214110	-0.00390539	0.00659636	-0.00538218
0.06158032	-0.02601017	0.01152405	-0.00276942
-0.00250570	-0.03989025	-0.01279958	0.00369434
-0.02727257	-0.02376399	-0.01020126	-0.00484950
-0.02215152	-0.00263771	0.00134310	-0.00382491
-0.00611991	0.00407140	0.00330004	0.00385037
0.00009297	-0.00185786	-0.00914510	-0.00051455
-0.00593502	-0.00747919	-0.01106499	-0.00080293
-0.01502925	-0.00641530	-0.00706722	0.00844839
-0.01721585	0.00462396	0.00022306	0.00191987
-0.00997793	0.01482371	-0.00148910	0.00235265
0.00247602	0.01415719	-0.00821656	-0.01065463
0.00837205	0.00402907	0.00600511	0.00048080
0.00437509	-0.00519798	0.00184936	0.01055048
-0.00524089	-0.00471841	0.00089810	-0.00373320
-0.00945593	0.00536921	0.00538878	-0.00830914
-0.00499192	0.01302090	-0.00143077	-0.00138816
0.00621797	0.01256392	0.00348515	0.00277790
0.01366595	0.00358187	0.00494598	0.00560522
0.01276304	-0.00543792	-0.00283086	0.00795320
0.00555342	-0.00924795	-0.00201735	0.00275056
-0.00110717	-0.00697465	0.00455572	0.01099703
-0.00281999	-0.00341436	0.00140607	0.01187705
-0.00003577	-0.00329103	-0.00541442	0.00619953
0.00089985	-0.00605446	0.00662784	0.01023187
-0.00335239	-0.00741859	-0.00179831	0.00209202
-0.00986789	-0.00184842	-0.00255620	0.00182377
-0.00857985	0.00698612	-0.01231271	0.00571024
0.00149126	0.00838015	-0.00813541	0.00761663
0.00910984	0.00052684	0.00225810	0.00602027
0.00609791	-0.00755684	0.00011887	0.00788092
-0.00385591	-0.00801937	0.00325634	-0.00332538
-0.00863900	-0.00097424	-0.01531115	0.00987233
-0.00559902	0.00425015	0.01208470	0.00447432
-0.00068057	0.00548078	-0.01079034	0.00948925
0.00309581	0.00375972	-0.00160169	0.01146577
0.00390315	0.00116272	0.00184761	-0.00481183
0.00055454	-0.00150858	-0.01250781	0.00329934
-0.00306209	-0.00016079	-0.01000792	0.01046637
-0.00218682	0.00455233	0.00767176	0.00747709
0.00466675	0.00681970	-0.00926012	0.01230386
0.00994290	0.00064770	-0.01222816	0.00006122
0.00622937	-0.00716457	0.00194393	0.00127223
-0.00244914	-0.00729432	-0.00206481	0.01091452
-0.00607595	-0.00044249	-0.00003668	0.00537861
-0.00065410	0.00544347	-0.00171848	0.00005522
0.00628164	0.00268004	-0.00328270	0.00739277
0.00744641	-0.00468107	-0.00064250	0.00674542
0.00125772	-0.00950049	-0.00070393	0.01406295
-0.00620779	-0.00768462	-0.00053870	0.00185724
-0.00881982	-0.00080031	-0.00970840	0.00829322
-0.00616881	0.00571306	0.00834721	0.01189332
0.00021225	0.00713699	0.00120783	-0.00582814
0.00489700	0.00299717	0.00299618	0.01889255
0.00400650	-0.00264481	0.00440552	0.01146938
-0.00065825	-0.00299537	0.00212178	0.02515795
-0.00242601	0.00112204	-0.00731282	0.02070576
0.00092572	0.00402652	0.00788798	0.01953906
0.00460632	0.00071126	-0.01466176	0.01407575
0.00337926	-0.00434627	-0.00321769	0.01693683
-0.00117941	-0.00508484	-0.00409729	0.00297433
-0.00478673	-0.00090506	0.00084695	0.01471722
-0.00377567	0.00476747	-0.01226233	0.01013698
0.00116514	0.00727619	-0.00248471	0.00524227
0.00637106	0.00430860	0.00188642	0.00488426
0.00824393	-0.00133557	0.00219870	0.02023758
0.00518364	-0.00658220	0.00292600	0.01937670
-0.00032066	-0.00719530	0.00116656	0.01156029
-0.00412368	-0.00347732	0.01881431	0.01441341
-0.00344546	0.00040000	0.00296046	0.00647832
-0.00091342	0.00111986	-0.00502706	0.00769200
-0.00103302	-0.00064188	-0.00200438	0.00138949
-0.00337301	-0.00067319	0.00698496	0.01283922
-0.00407138	0.00337344	-0.00248910	0.02360792
-0.00097171	0.00665103	-0.00214994	0.01599694
0.00461355	0.00531278	-0.00285239	0.00759356
0.00697025	-0.00020513	0.01091258	0.01365754
0.00349351	-0.00495654	0.00189929	0.01639234
-0.00284484	-0.00557937	-0.00151559	0.00150478
-0.00631037	-0.00077622	-0.00460101	0.01667411
-0.00466650	0.00534350	0.00114864	0.02010153
0.00089190	0.00752692	-0.00132935	0.00383023
0.00582623	0.00441032	0.00037218	0.00071337
0.00606021	-0.00067442	0.00456324	0.01178413
0.00328752	-0.00352254	0.00115869	0.00726491
0.00095301	-0.00265318	0.00809990	0.01141551
0.00083715	-0.00139544	0.00357788	0.01303735
0.00178645	-0.00265189	-0.00838979	0.01775267
0.00027860	-0.00485655	0.00582004	0.00637149
-0.00307747	-0.00516286	0.00407050	-0.00279908
-0.00696534	-0.00228693	0.00356181	0.02177042
-0.00716510	0.00300398	-0.00950247	0.01026143
-0.00323315	0.00683840	-0.00147550	0.00588190
0.00180979	0.00650412	0.00171115	0.01726666
0.00431962	0.00223800	-0.00249391	0.01872406
0.00304018	-0.00149867	-0.01536495	0.02741427
-0.00082412	-0.00188841	-0.00843781	0.01166634
-0.00201676	0.00050443	-0.00680355	0.00177257
-0.00009599	0.00245114	-0.00402514	0.02845987
0.00155271	0.00114613	-0.00025558	0.00694076
0.00141778	-0.00113372	-0.00113421	0.02418005
-0.00130082	-0.00155917	0.00626362	0.01369158
-0.00293098	0.00085792	-0.00689465	0.01059586
-0.00096724	0.00378935	0.00512041	0.00026466
0.00279152	0.00415861	0.00568300	0.00561623
0.00542931	-0.00009464	0.00279576	0.01781231
0.00434409	-0.00471440	0.00165549	0.01945684
-0.00007997	-0.00705182	-0.01247049	0.01317819
-0.00461935	-0.00467556	0.00171213	0.01642234
-0.00589193	0.00004803	0.00484681	0.01418755
-0.00322241	0.00286937	-0.01028320	0.02466467
0.00004878	0.00285411	0.00713454	0.01609951
0.00122136	0.00028423	-0.00482406	0.00861127
-0.00024120	-0.00125294	-0.01346903	0.01435467
-0.00190586	-0.00051181	-0.01134542	0.00684736
-0.00182081	0.00151271	0.00271030	0.01191102
-0.00033984	0.00211556	0.00028600	0.01702864
0.00095028	0.00056001	0.00472302	0.00929898
0.00016402	-0.00107660	-0.00240730	0.01662902
-0.00172292	-0.00005031	0.00276367	0.02146759
-0.00200372	0.00227242	0.00245464	0.01026916
0.00033866	0.00389092	0.00382703	0.01398527
0.00370927	0.00271168	0.00358816	0.01655671
0.00424329	-0.00082989	0.01353143	0.02313302
0.00241479	-0.00412808	-0.00123182	0.02653754
-0.00092507	-0.00400900	-0.00144580	0.00545646
-0.00281880	-0.00125207	-0.00288926	0.02028771
-0.00145448	0.00094389	0.00009373	0.01559595
0.00078493	0.00096702	-0.00299351	0.01966503
0.00145399	-0.00121225	0.00070726	0.01350594
-0.00034199	-0.00289969	0.00585797	0.01374666
-0.00264927	-0.00194723	0.00115936	0.02628798
-0.00308173	0.00086014	-0.00152545	0.00505391
-0.00124769	0.00289030	-0.00267945	0.00987863
0.00150214	0.00192533	0.00456948	0.01539314
0.00172513	-0.00022836	0.00020548	0.02173219
-0.00019703	-0.00210750	-0.00651800	0.01067678
-0.00218020	-0.00092703	-0.00653300	0.03245464
-0.00217359	0.00251488	-0.00690336	0.01824640
0.00065053	0.00389861	-0.00348858	0.01752259
0.00370781	0.00195364	0.00424739	0.01141523
0.00406593	-0.00140705	-0.01431340	0.02365257
0.00190287	-0.00419755	0.00408355	0.01204369
-0.00165777	-0.00326808	0.00684842	0.01837608
-0.00298479	-0.00092044	0.00618255	0.02114574
-0.00190099	0.00156860	-0.00996338	0.01864278
0.00043055	0.00175677	-0.00203833	0.01596032
0.00148105	0.00023783	0.00592044	0.00417405
0.00047994	-0.00095665	0.00630791	0.01826224
-0.00046438	-0.00044926	-0.00715124	0.03074008
0.00018910	0.00086981	-0.01059309	0.02934117
0.00178694	0.00092107	0.01070555	0.02205774
0.00264915	-0.00093416	-0.00240337	0.01496976
0.00163039	-0.00321408	0.01139624	0.02171015
-0.00104893	-0.00386296	0.00247137	0.01678678
-0.00311557	-0.00168482	-0.00117391	0.01448665
-0.00263472	0.00057183	-0.00373483	0.03242861
-0.00079574	0.00231613	-0.01202356	0.02360317
0.00045849	0.00162239	-0.00361245	0.01734417
0.00124861	0.00028470	-0.00745325	0.01162596
0.00053102	-0.00053311	0.00085934	0.01934321
-0.00015025	-0.00019759	-0.00009924	0.01482791
0.00060610	0.00058873	0.00490601	0.02762007
0.00143479	0.00032406	-0.01029875	0.03372673
0.00112319	-0.00114093	0.00720957	0.02932187
0.00002810	-0.00212795	0.00389784	0.01318193
-0.00161970	-0.00129633	0.00320574	0.02487304
-0.00123172	0.00103508	0.00483622	0.02946882
0.00057059	0.00214097	0.00090509	0.02484705
0.00307167	0.00080153	0.00552706	0.02841320
0.00313966	-0.00215031	0.00170674	0.03333451
0.00061914	-0.00428318	-0.00182381	0.02039014
-0.00221219	-0.00380096	-0.00397352	0.02203796
-0.00334850	-0.00134152	-0.00638033	0.02227061
-0.00265938	0.00125141	0.00115117	0.02576028
-0.00053949	0.00209105	-0.00309527	0.02804814
0.00035881	0.00111104	-0.01402013	0.02862701
0.00010395	-0.00006871	0.00178485	0.02222669
-0.00057924	0.00047018	-0.00450104	0.02305551
-0.00033523	0.00166885	0.00843715	0.02971829
0.00124487	0.00221833	0.00070044	0.02072971
0.00277184	0.00070246	0.00641955	0.03264450
0.00281127	-0.00184318	-0.00939962	0.02305453
0.00053754	-0.00329759	0.00599104	0.02021566
-0.00265591	-0.00238427	0.00568606	0.02981225
-0.00389416	0.00010519	0.00560339	0.02906085
-0.00188431	0.00268926	-0.00932469	0.01977985
0.00050556	0.00258406	-0.00058075	0.02169446
0.00210485	0.00119373	0.00720066	0.01994540
0.00112804	-0.00123497	0.00034956	0.02729761
-0.00031684	-0.00154285	0.00331876	0.03056510
-0.00129838	-0.00057487	-0.00192842	0.02662960
-0.00083239	0.00086949	-0.01141701	0.03449710
0.00029784	0.00038934	0.00457933	0.02854208
0.00055521	-0.00044310	-0.00726114	0.02582318
-0.00064870	-0.00096690	0.00225296	0.04429803
-0.00185761	-0.00034995	0.01141879	0.03203116
-0.00138965	0.00113412	0.00356491	0.03800779
-0.00032158	0.00169827	-0.00621277	0.03067320
0.00079930	0.00120129	0.01328500	0.02802719
0.00111962	0.00018318	0.00520756	0.03155072
0.00014433	-0.00070047	-0.00700558	0.03851952
-0.00077365	-0.00054661	0.00153533	0.03070652
-0.00134278	0.00034731	0.01218535	0.03275193
-0.00080690	0.00109949	0.00449589	0.02338949
-0.00012619	0.00119600	0.00885692	0.02719279
0.00042891	0.00066504	-0.00098992	0.04033527
-0.00004731	0.00054060	0.01370358	0.03115050
-0.00025464	0.00074905	0.00324237	0.02666297
0.00067485	0.00099742	0.00695339	0.03582683
0.00114676	0.00034239	0.00077840	0.03949164
0.00101065	-0.00086899	-0.00433393	0.03280461
-0.00007669	-0.00127941	-0.00961173	0.02336819
-0.00155421	-0.00099763	0.01215340	0.03569001
-0.00233524	0.00042402	0.01981417	0.02731849
-0.00115296	0.00171653	0.00006426	0.03023127
0.00010389	0.00147310	0.00273169	0.03235498
0.00059132	0.00031166	0.01496658	0.03334259
-0.00001670	-0.00009166	0.01532247	0.01136168
-0.00110781	0.00000258	0.00177592	0.02419507
-0.00150812	0.00164885	0.00789856	0.02818077
-0.00042657	0.00261991	0.00842730	0.04418060
0.00098525	0.00242346	0.00938185	0.02264960
0.00174273	0.00041823	0.00676719	0.03013854
0.00109184	-0.00041035	0.00508676	0.02662364
-0.00002792	-0.00033619	0.00101352	0.03687818
-0.00047249	0.00040916	-0.00342451	0.03499412
-0.00006036	0.00100238	-0.00146185	0.02302064
0.00066179	0.00072780	-0.00066634	0.02877096
0.00072885	-0.00032836	0.00898745	0.02223959
-0.00031417	-0.00096041	0.00003621	0.03459250
-0.00164551	-0.00035278	0.00506919	0.01623689
-0.00174787	0.00099349	-0.00619438	0.02969923
-0.00061730	0.00224743	0.00607267	0.02762030
0.00049812	0.00194283	0.00827288	0.03813320
0.00154620	0.00088259	-0.00340882	0.02400425
0.00103598	-0.00039674	-0.00929622	0.03629407
0.00000329	-0.00054814	0.00600697	0.03378208
-0.00057497	0.00003704	0.00089031	0.03375978
-0.00043788	0.00079762	0.00338644	0.02299075
0.00048926	0.00058527	0.00713795	0.04325473
0.00035216	-0.00010897	-0.00589465	0.04113913
-0.00002839	-0.00029585	0.01135394	0.03645949
-0.00069953	0.00046709	-0.00072199	0.03028694
-0.00036872	0.00123187	0.00074394	0.02665481
0.00046383	0.00148584	-0.00216401	0.03866168
0.00119263	0.00077784	0.00170130	0.03614964
0.00075994	-0.00039151	0.00133018	0.03708625
-0.00008592	-0.00094675	0.00210394	0.03165765
-0.00039250	-0.00030524	-0.00982860	0.02436565
-0.00078494	0.00039172	-0.00194155	0.04194356
-0.00042049	0.00064974	-0.01733196	0.02908713
0.00000025	0.00089548	0.00927235	0.03757585
0.00026496	0.00000510	0.02007031	0.03726012
0.00018803	0.00015752	0.00241603	0.02830894
0.00017896	0.00057580	-0.00565035	0.03834462
0.00088348	0.00046287	-0.00377527	0.04430625
0.00140888	-0.00009131	-0.00048687	0.03476470
0.00071739	-0.00103598	-0.01313324	0.03829979
-0.00016837	-0.00154595	0.00121109	0.02473914
-0.00105621	-0.00079077	0.00010487	0.03126875
-0.00147799	0.00044186	0.00374943	0.02886983
-0.00086798	0.00147694	0.01096826	0.04803228
0.00059448	0.00119547	-0.00174781	0.04662311
0.00114164	0.00013551	-0.01212212	0.03774665
0.00063860	-0.00074951	-0.00399992	0.03125292
0.00024061	-0.00058560	0.00857433	0.03020682
-0.00035948	0.00000425	0.01457146	0.03584417
-0.00003429	0.00037089	0.00912415	0.04106419
0.00040897	0.00020645	-0.00114841	0.04542371
0.00041673	-0.00054478	0.00739639	0.03656692
-0.00036116	-0.00088704	0.00240414	0.03949294
-0.00108616	-0.00039254	0.00631497	0.03587590
-0.00108499	0.00033900	0.00470908	0.03541441
-0.00006569	0.00092243	0.01932361	0.04162273
0.00086444	0.00067671	0.00404169	0.05454546
0.00089094	-0.00055453	0.00098812	0.02707829
0.00005017	-0.00127304	0.00475981	0.03020612
-0.00095752	-0.00076037	0.00248896	0.03646701
-0.00145171	-0.00002789	0.00150371	0.03903392
-0.00064355	0.00072996	0.00940662	0.03359193
0.00020118	0.00034932	0.00288793	0.03690986
0.00060160	-0.00021817	0.01042233	0.03801361
-0.00013809	-0.00035923	0.00039776	0.03980610
-0.00043392	-0.00009209	0.00174632	0.04950913
-0.00041471	0.00034440	0.00866158	0.03372757
0.00037159	0.00084929	0.00548326	0.04494115
0.00096379	0.00000390	-0.00442580	0.03619061
0.00045167	-0.00093728	0.01274877	0.04390010
0.00007541	-0.00103386	0.00916617	0.03748650
-0.00115837	-0.00060418	0.01348615	0.02307035
-0.00082708	-0.00033630	0.00566693	0.04772719
-0.00014850	0.00057532	-0.00722132	0.03622546
0.00004778	0.00018285	0.01093715	0.04119689
0.00030476	-0.00061711	0.00570868	0.04044724
-0.00013415	-0.00075335	-0.00108842	0.03427946
-0.00052009	-0.00056267	-0.00174349	0.02912204
-0.00087243	-0.00009545	0.00708243	0.04311270
-0.00027702	0.00008358	-0.00099238	0.04139205
-0.00004146	0.00005368	0.00184761	0.03856435
0.00025450	-0.00006228	0.00286905	0.05246678
-0.00023308	-0.00039572	-0.00019941	0.04339843
-0.00052312	0.00021421	0.00384277	0.03045633
-0.00033735	0.00036740	-0.00114412	0.03600397
0.00050801	0.00027573	-0.00304800	0.03856255
0.00054494	-0.00024772	0.01210126	0.04009224
0.00001268	-0.00067734	-0.00710762	0.04559798
-0.00065857	-0.00049443	-0.01033596	0.04746018
-0.00073598	0.00014621	0.00429556	0.05130747
-0.00032772	0.00058710	0.00220947	0.04304709
0.00002321	0.00018711	-0.00179125	0.03525706
0.00008762	-0.00014522	0.00749005	0.04181184
-0.00020204	-0.00066187	0.00801455	0.04759265
-0.00049872	-0.00048967	0.00759401	0.04884393
-0.00087695	0.00003953	-0.00902551	0.04490894
-0.00031174	0.00013864	0.00592566	0.04763290
-0.00013786	0.00026139	-0.00417005	0.03924049
0.00001847	-0.00034266	0.01470583	0.05232733
-0.00046043	-0.00016910	-0.00173270	0.03462355
-0.00054113	0.00008846	0.00275784	0.04818610
-0.00046836	0.00033400	-0.00023709	0.03565511
-0.00006652	0.00081800	0.00207582	0.03896801
0.00059389	0.00035121	-0.00040824	0.04220471
0.00029378	-0.00042518	-0.00833150	0.05375778
-0.00016194	-0.00078769	-0.00423431	0.03997485
-0.00092875	-0.00085798	0.01045754	0.04340494
-0.00087630	0.00005569	-0.00048085	0.04034672
-0.00101483	0.00052905	0.00901923	0.05298823
0.00008432	0.00056945	0.00438415	0.05274162
0.00022029	0.00040087	0.00439561	0.06090912
0.00003069	-0.00017551	0.00086220	0.05135386
-0.00045722	0.00011261	-0.00153887	0.04941853
-0.00025137	0.00005601	0.01734219	0.04874233
-0.00017994	0.00064913	-0.00428479	0.03537535
0.00024541	0.00023790	0.00028676	0.04987024
0.00035483	-0.00023717	0.00335135	0.04650360
-0.00023968	-0.00023464	0.00747213	0.04114528
-0.00045408	0.00001014	0.01611929	0.05591779
-0.00030802	0.00030367	0.00309353	0.04813352
0.00014264	0.00030602	0.00330422	0.06323505
0.00068665	0.00017311	0.01158716	0.04890651
0.00051763	-0.00002716	0.01117526	0.05536967
0.00011456	-0.00021290	-0.00732030	0.05493600
-0.00026263	-0.00032196	0.00631110	0.05125986
-0.00033887	-0.00023564	-0.00000002	0.04135290
-0.00010402	0.00022234	0.00737094	0.06346336
-0.00007756	0.00001952	0.00542414	0.05103903
0.00002454	0.00021647	0.00014205	0.05852630
0.00016447	-0.00008092	-0.00343312	0.05650461
-0.00017216	0.00023724	-0.00909441	0.05241553
-0.00002964	0.00048662	-0.00072265	0.04630417
0.00059582	0.00044451	-0.00005751	0.04602921
0.00079243	-0.00012991	0.01200565	0.05133129
0.00027636	-0.00058710	-0.00040360	0.04310935
-0.00034444	-0.00055438	0.00260098	0.05160275
-0.00037866	-0.00009298	-0.00661200	0.05158290
-0.00014128	0.00026652	0.00947198	0.05784514
0.00027585	0.00046244	0.00353671	0.04795878
0.00031491	0.00024585	0.00314169	0.04749109
0.00027302	-0.00036867	0.00038255	0.04509386
-0.00008159	-0.00011673	0.00745773	0.05798954
-0.00006890	0.00025800	0.00660081	0.05143754
0.00036915	0.00003049	0.00146919	0.04619987
0.00050247	-0.00003889	0.00375543	0.04652830
0.00039421	-0.00013395	-0.00023206	0.05350035
0.00016994	-0.00035150	-0.00673232	0.04861315
-0.00033526	-0.00022354	0.00415561	0.05659423
-0.00035118	-0.00034917	-0.00791159	0.05252603
0.00021011	0.00020233	0.01808943	0.05880525
0.00058576	0.00012039	0.01814561	0.04994136
0.00006129	0.00001398	0.00268513	0.05176440
0.00027543	-0.00048041	0.01384386	0.05269630
0.00019321	-0.00030837	-0.00509400	0.05722153
0.00008778	-0.00034328	0.00909799	0.05501486
0.00065057	0.00027231	0.01081924	0.05981506
0.00035892	-0.00014050	0.01623329	0.06159656
0.00037139	-0.00030977	-0.00701212	0.06386542
0.00004069	-0.00023637	0.00601685	0.05384100
0.00008529	-0.00027399	0.01144627	0.06357446
-0.00005266	0.00031745	0.01146813	0.05565794
0.00022092	0.00025114	0.01293324	0.04515352
0.00051568	-0.00003874	0.00620560	0.05496960
0.00004233	-0.00048995	0.01108524	0.06644047
-0.00000365	-0.00001828	0.00891444	0.06451211
0.00015568	0.00010249	0.01310572	0.05120991
0.00026200	0.00038452	0.00335079	0.05702087
0.00035145	0.00016602	-0.00295307	0.06079652
0.00082959	0.00019887	0.00266831	0.05863126
0.00056923	-0.00027033	0.00746821	0.05215645
0.00000140	-0.00036557	0.01057938	0.06261609
-0.00011001	-0.00027160	0.01451242	0.06800666
0.00013763	-0.00012087	0.00028312	0.06073572
-0.00005836	-0.00000582	-0.01375064	0.06247537
0.00041244	-0.00014260	0.00752741	0.05403064
0.00016519	-0.00033771	0.01310848	0.07898577
0.00010991	-0.00031201	0.01796026	0.06721350
0.00040750	-0.00026992	-0.00009722	0.06035313
0.00001644	-0.00013729	-0.00631769	0.05834460
0.00037697	-0.00028078	0.00233070	0.06849992
0.00063097	-0.00010305	0.00516302	0.05470353
0.00015463	-0.00043598	0.00084724	0.06712844
0.00014380	-0.00058011	0.01011499	0.06491876
0.00007892	-0.00025597	-0.00304328	0.06014351
-0.00005260	0.00023448	-0.00458612	0.06037213
0.00018620	0.00007945	-0.00965271	0.06778902
0.00015590	-0.00010240	0.01302223	0.06715394
0.00028951	-0.00012444	0.00952069	0.06813621
-0.00005605	-0.00042193	0.02567174	0.06853845
-0.00015926	-0.00008565	0.01466539	0.07304135
-0.00029224	-0.00015399	0.02213654	0.07125802
-0.00001799	-0.00040147	0.00693297	0.06773344
-0.00014676	-0.00029250	0.00874381	0.07485177
0.00015921	-0.00034922	0.00137619	0.06688067
-0.00013939	-0.00024045	-0.00075783	0.06842303
-0.00002534	-0.00034783	0.01157600	0.06675104
-0.00009336	-0.00003234	-0.00106412	0.07506122
0.00038906	0.00014134	0.01747442	0.07257603
0.00052398	-0.00015996	0.01375487	0.08231753
0.00006432	-0.00042261	0.00973729	0.05710810
0.00006611	-0.00039332	0.01230568	0.06694199
-0.00011127	-0.00018576	0.01308588	0.06554822
-0.00025467	-0.00012796	0.00322818	0.06435653
0.00015457	-0.00017410	0.01459601	0.06653450
0.00007945	-0.00045860	0.01443599	0.07815351
0.00046564	-0.00026175	0.01876979	0.08747824
-0.00036173	-0.00027656	0.01639108	0.06665163
-0.00008013	-0.00008825	0.00819486	0.07293899
0.00000912	-0.00011225	0.00379270	0.07243663
0.00012021	-0.00028959	0.00793737	0.07852758
0.00016550	-0.00036475	0.00551955	0.06875773
-0.00002590	-0.00021550	0.00122642	0.07844476
-0.00050285	-0.00047616	0.00577113	0.08597708
-0.00001242	-0.00037278	0.00161554	0.07073370
-0.00036930	-0.00028310	0.00715334	0.07321622
-0.00012474	0.00007999	0.02531062	0.07364897
0.00001485	-0.00018844	-0.00025560	0.08368460
-0.00007219	-0.00028919	-0.00138904	0.06817985
-0.00025873	0.00013058	0.01149633	0.06842116
-0.00022239	0.00007022	0.00139145	0.07201444
0.00000619	-0.00022072	0.01373872	0.08488212
0.00016263	-0.00014593	0.01230687	0.08173409
-0.00007292	-0.00004909	0.01379860	0.08482971
-0.00024558	-0.00028091	0.00764747	0.07991336
-0.00004585	-0.00012577	0.00965554	0.08717280
-0.00012021	-0.00013662	0.02655523	0.08261368
-0.00020456	-0.00007226	0.00740174	0.08361823
-0.00014523	0.00008883	0.01521901	0.08477576
-0.00028033	-0.00051370	0.01252990	0.09505430
-0.00002565	-0.00020193	0.02690948	0.08045803
-0.00018903	-0.00023869	0.01601179	0.08416391
-0.00024172	0.00002018	0.01662741	0.08947655
-0.00042099	-0.00012188	0.02063807	0.10096946
-0.00008869	-0.00058877	0.02325301	0.07790853
0.00005964	-0.00008637	0.01478049	0.10172403
-0.00011686	-0.00021199	0.02023256	0.07499962
-0.00057523	-0.00038280	0.03043225	0.08523888
-0.00034551	-0.00009158	0.02272958	0.08285306
-0.00012824	0.00011028	0.00684149	0.08869969
-0.00000706	-0.00012946	0.02731078	0.09157738
-0.00019266	-0.00010100	0.02578869	0.08882107
-0.00010729	-0.00028644	0.02701624	0.09031328
-0.00060315	-0.00021861	0.00708866	0.08765472
-0.00030589	-0.00021844	0.00995505	0.09474015
-0.00059818	-0.00006646	0.02282434	0.09299897
-0.00018558	-0.00011269	0.02368237	0.08038374
-0.00007414	0.00003919	0.02547414	0.08423564
-0.00039486	-0.00030417	0.02041920	0.07959081
-0.00016519	-0.00025808	0.02064186	0.07184397
-0.00049088	0.00002238	0.01458564	0.08361161
-0.00028456	-0.00001368	0.02899634	0.09132284
-0.00008239	-0.00020519	0.02478752	0.07818160
-0.00016260	-0.00027121	0.01297122	0.08565838
-0.00011558	-0.00021578	0.02990144	0.09605356
-0.00030659	-0.00021955	0.02451341	0.08734132
-0.00030696	0.00017112	0.01874783	0.09682401
-0.00046025	0.00019558	0.02553813	0.06859634
-0.00007778	0.00004579	0.02521447	0.09592484
-0.00024353	-0.00010370	0.01422214	0.09481519
-0.00014886	-0.00009587	0.02103529	0.08328110
-0.00017043	-0.00001606	0.02815532	0.08220086
-0.00023052	-0.00011755	0.02482005	0.09471458
-0.00022809	-0.00006802	0.01792286	0.07913409
-0.00007751	0.00000959	0.03062763	0.09085019
-0.00037196	-0.00033738	0.01888770	0.08840830
-0.00041800	-0.00009917	0.00850751	0.07916448
-0.00017546	-0.00035657	0.01770374	0.08075263
-0.00022707	-0.00018041	0.01791829	0.09027233
-0.00016529	-0.00045159	0.02693146	0.07968535
0.00000454	-0.00024028	0.01798928	0.07690226
-0.00047942	-0.00027615	0.00829659	0.08850299
-0.00041546	-0.00018035	0.01428509	0.08298726
-0.00032957	-0.00029988	0.01741194	0.08167846
-0.00035354	0.00012517	0.02038116	0.09384431
-0.00033704	-0.00009231	0.00954527	0.09483041
-0.00019255	0.00002888	0.01357007	0.09111937
-0.00005391	-0.00012627	0.01993708	0.09826773
-0.00040173	-0.00017620	0.00912419	0.10179070
-0.00051468	0.00000431	0.02768360	0.10226819
-0.00017982	-0.00012585	0.00998797	0.10086704
-0.00028102	0.00002666	0.00310665	0.09024802
-0.00035357	0.00009739	0.01615453	0.08992759
-0.00028450	-0.00019018	0.01218815	0.10192060
-0.00019661	-0.00014140	0.01983301	0.10489159
-0.00042025	-0.00012161	0.00938718	0.10916330
-0.00041891	-0.00025623	0.00500339	0.10747880
-0.00036235	-0.00008601	0.01358015	0.11933373
-0.00027217	-0.00029397	0.01800728	0.10702248
-0.00025734	-0.00017176	0.01006922	0.11461118
-0.00045120	-0.00038354	0.01158357	0.10942770
-0.00033910	-0.00011559	-0.00271847	0.11825446
-0.00031388	-0.00007474	0.02131945	0.11938729
-0.00028212	-0.00017532	0.01932635	0.13176422
-0.00014321	-0.00004188	0.00599039	0.14053151
-0.00027122	0.00000086	0.02585495	0.13056039
-0.00043421	-0.00009391	0.01774034	0.14094244
-0.00018440	-0.00032295	0.02575503	0.14487658
-0.00017311	-0.00020689	0.02051626	0.14778956
-0.00069284	-0.00043708	0.01939003	0.15014807
-0.00011291	-0.00025055	0.03634520	0.14238062
-0.00029587	-0.00068850	0.04426750	0.13912265
-0.00055026	-0.00033770	0.03953540	0.15242552
-0.00018351	-0.00030814	0.05942385	0.14227769
-0.00052904	-0.00025315	0.06232570	0.15672873
-0.00021430	-0.00033033	0.07307373	0.14053760
-0.00000536	-0.00019774	0.08012562	0.14689711
-0.00038062	0.00005065	0.08366620	0.14510856
-0.00031553	-0.00028545	0.08095674	0.12938810
-0.00015108	-0.00026702	0.09159208	0.12134827
-0.00054942	-0.00026650	0.10576013	0.11704073
-0.00032286	-0.00018148	0.08550917	0.10717018
-0.00025812	-0.00035187	0.09367162	0.09442703
-0.00051287	-0.00024224	0.09033114	0.09959977
-0.00042393	-0.00010213	0.09191100	0.08670943
-0.00009543	-0.00021173	0.08446405	0.09346894
-0.00017135	-0.00030337	0.07990324	0.08432021
-0.00048393	-0.00017160	0.07391927	0.07119451
-0.00036139	0.00000725	0.07980825	0.06966544
-0.00024074	-0.00049487	0.05950632	0.06622896
-0.00043039	-0.00015137	0.06350101	0.06637960
-0.00020881	-0.00001474	0.05809281	0.06578327
-0.00062191	0.00006408	0.04309046	0.04869343
-0.00037985	-0.00025329	0.03469769	0.04898531
-0.00039601	-0.00034435	0.02662160	0.05610808
-0.00024057	-0.00012730	0.02674112	0.04837578
-0.00003324	-0.00052303	0.02441345	0.06525984
-0.00050608	-0.00030454	0.01645825	0.06160001
-0.00046066	-0.00006550	0.01210876	0.08159463
-0.00016279	-0.00024264	0.02595973	0.06877319
-0.00036220	-0.00007500	0.01110112	0.07411911
-0.00021463	-0.00014226	0.01545498	0.08423829
-0.00003584	-0.00036653	0.00494465	0.09354066
-0.00028197	-0.00031732	0.00964990	0.08793776
-0.00032967	-0.00032127	-0.00938694	0.11627382
-0.00014040	-0.00035126	0.00501417	0.10222276
-0.00012663	-0.00059585	0.00721829	0.10096368
-0.00026927	-0.00035513	-0.00538815	0.10099292
-0.00004018	-0.00031907	0.00666106	0.11297512
-0.00023163	-0.00010723	0.01162014	0.13502039
-0.00028028	-0.00023765	-0.00270402	0.12851968
-0.00031480	-0.00024515	-0.00003444	0.13391741
-0.00001414	-0.00010389	0.00124490	0.12858000
-0.00015090	0.00005737	0.01398320	0.13989343
-0.00014853	-0.00016682	0.00963857	0.14892273
-0.00061248	-0.00030471	0.02697447	0.14515744
-0.00028263	-0.00032861	0.03380056	0.15767753
-0.00009018	0.00000463	0.04608292	0.14040413
-0.00018570	-0.00016690	0.04046818	0.15993509
-0.00028557	-0.00033043	0.04397632	0.15825135
-0.00026045	0.00005039	0.04174832	0.15402664
0.00007957	0.00002463	0.03655518	0.14635600
-0.00007070	-0.00013304	0.03155952	0.16252087
0.00004270	-0.00002883	0.04947162	0.15037828
-0.00042670	-0.00036444	0.04404413	0.15383588
-0.00038804	-0.00041649	0.04942707	0.14884071
-0.00023548	-0.00027334	0.03657163	0.16120797
-0.00036686	-0.00033584	0.04969972	0.14349867
-0.00011723	-0.00025260	0.06196821	0.14459768
-0.00043260	-0.00043233	0.05896014	0.16278430
-0.00022497	-0.00012927	0.05635052	0.15333339
0.00011771	-0.00029745	0.07237951	0.15328760
-0.00012626	-0.00031850	0.04643277	0.16727425
-0.00025247	-0.00025806	0.06842577	0.15616078
-0.00039300	-0.00000307	0.07648350	0.15337950
-0.00052736	-0.00014313	0.07230573	0.15729739
0.00008119	-0.00053244	0.06865353	0.15848423
-0.00023349	-0.00032456	0.07664697	0.17085426
0.00023791	0.00004441	0.09047991	0.16616708
-0.00006149	-0.00025042	0.09358718	0.17557098
-0.00005006	-0.00038207	0.10029092	0.15484224
0.00003454	-0.00037936	0.10359455	0.13960646
-0.00013768	-0.00029050	0.09746802	0.12718470
-0.00013614	-0.00022827	0.09994515	0.13909405
-0.00035762	-0.00046056	0.08867668	0.12139345
-0.00028917	-0.00051353	0.10676467	0.13423331
-0.00014820	-0.00031751	0.10209032	0.13237679
0.00001802	-0.00007957	0.09108634	0.11480283
-0.00008532	-0.00022088	0.09307271	0.11628323
0.00002156	-0.00030286	0.09437827	0.13763318
-0.00012403	-0.00028437	0.08385669	0.13009515
-0.00027372	-0.00017996	0.09198442	0.12366988
-0.00038109	-0.00001103	0.08192931	0.12403611
0.00000338	-0.00011432	0.08682325	0.11900346
0.00000964	-0.00032506	0.07095473	0.10275867
-0.00004763	-0.00047015	0.06601540	0.12638439
0.00004921	-0.00020726	0.07710437	0.12110165
-0.00011250	-0.00043739	0.05932587	0.14187305
0.00008977	-0.00024265	0.06711093	0.14303534
-0.00008554	-0.00043906	0.06892855	0.13343452
0.00014825	-0.00035342	0.07070213	0.14264819
0.00000574	-0.00023242	0.06212984	0.14038871
0.00019483	-0.00032254	0.06116605	0.14684136
-0.00023459	-0.00009087	0.04790704	0.14456765
-0.00009999	-0.00046859	0.05838587	0.14209625
-0.00018942	-0.00024193	0.05327875	0.14972672
0.00000215	-0.00030924	0.06144042	0.15422075
0.00010129	-0.00040285	0.06732477	0.15132309
0.00006237	-0.00036219	0.06522949	0.16640021
0.00012198	-0.00034910	0.07307339	0.15106673
0.00021933	-0.00032411	0.07238105	0.17234794
0.00034187	-0.00015674	0.07089692	0.15761678
0.00000174	-0.00047312	0.07949324	0.16054217
0.00032416	-0.00001083	0.08251328	0.16263346
0.00002752	-0.00018795	0.09686373	0.16148661
-0.00004229	-0.00008951	0.09273588	0.15958374
0.00025174	0.00004343	0.09228791	0.16479014
0.00007072	-0.00026091	0.09319775	0.16328731
0.00011974	-0.00016543	0.08127359	0.16625648
-0.00005119	-0.00021423	0.08510018	0.15752005
0.00006641	-0.00020190	0.08733849	0.15674739
0.00017248	-0.00006399	0.09010549	0.15308398
0.00000170	-0.00036748	0.09051722	0.16025485
0.00025511	-0.00014438	0.09011021	0.15858186
0.00033323	-0.00018137	0.09216756	0.16890497
0.00012046	-0.00032019	0.08181541	0.14390448
-0.00003572	-0.00029141	0.09771552	0.16580322
0.00002435	-0.00042973	0.07400074	0.18099374
0.00000178	-0.00055577	0.07405142	0.17072332
-0.00000685	-0.00024198	0.07864102	0.15994262
0.00025098	-0.00011771	0.06247991	0.17490001
-0.00004350	-0.00030691	0.07629750	0.19434261
0.00028771	-0.00041828	0.07878641	0.17086638
0.00029075	-0.00046237	0.09340089	0.19868655
0.00022434	-0.00008375	0.07713763	0.19713348
0.00034464	-0.00028336	0.07185198	0.19828718
0.00023597	-0.00021914	0.08305761	0.21266596
-0.00013649	-0.00024272	0.07389840	0.22168570
-0.00009527	-0.00043680	0.08772974	0.21778801
-0.00009027	-0.00043522	0.07571521	0.22024424
0.00026738	-0.00026427	0.07287562	0.21395193
0.00014241	-0.00032235	0.07548459	0.23170609
0.00016414	-0.00039493	0.07437622	0.23410263
-0.00002013	-0.00019515	0.10090868	0.23644038
0.00011492	-0.00023805	0.08327504	0.25053592
0.00022554	-0.00019810	0.08711181	0.25850003
0.00005631	-0.00030117	0.08851106	0.24687886
0.00006880	0.00001350	0.09613159	0.27198946
-0.00007009	-0.00019998	0.10369862	0.28645751
0.00024144	-0.00024204	0.09802096	0.28534037
0.00022746	-0.00033255	0.12045129	0.29646006
0.00018487	-0.00009642	0.12521117	0.29904113
-0.00003792	-0.00029829	0.11998808	0.31907581
0.00022296	-0.00034118	0.12459490	0.34447260
0.00023525	-0.00040653	0.12420033	0.35602356
0.00017215	-0.00027283	0.13744141	0.37793800
0.00020744	-0.00025047	0.15517826	0.40658916
0.00032625	-0.00032899	0.15844326	0.43740221
0.00035629	-0.00033695	0.19486298	0.46524226
0.00020590	0.00008597	0.24580591	0.49995702
0.00000253	-0.00046727	0.27856004	0.51042326
0.00022187	-0.00032304	0.34991184	0.54501131
-0.00012063	-0.00031441	0.41148500	0.58101038
0.00021646	-0.00032601	0.50743992	0.60009877
0.00010022	-0.00031142	0.65434516	0.60165575
-0.00000099	-0.00035242	0.82963748	0.51790558
0.00002461	-0.00031745	0.99493735	0.34600857
0.00013195	0.00006964	1.02994928	0.07643495
-0.00016996	-0.00017947	0.94231046	-0.14809586
0.00007160	-0.00000242	0.73805672	-0.30382781
0.00001504	-0.00040209	0.53995995	-0.31392726
0.00029460	-0.00036703	0.41991163	-0.24719775
0.00031292	0.00004568	0.37126615	-0.21051197
-0.00010369	-0.00018232	0.34267548	-0.18496367
0.00034727	-0.00019374	0.30222014	-0.16525758
0.00022733	-0.00020530	0.28541426	-0.12860157
0.00037139	-0.00021788	0.28372805	-0.10186341
-0.00003350	-0.00016460	0.27379744	-0.09653030
0.00009800	-0.00035028	0.26603891	-0.09474198
0.00027567	-0.00039385	0.26288220	-0.08730718
0.00023098	-0.00021115	0.25937684	-0.08552092
0.00004219	-0.00027415	0.24822968	-0.09278167
0.00047475	0.00010782	0.22620142	-0.09168767
0.00031643	-0.00009437	0.20186031	-0.09588521
0.00039929	-0.00010074	0.19864618	-0.07680982
0.00028266	0.00000879	0.18337790	-0.04485791
0.00008596	-0.00030870	0.19685960	-0.03570067
0.00036853	-0.00032315	0.19306182	-0.02074863
0.00014309	-0.00021120	0.20457092	-0.01736083
0.00036030	-0.00014537	0.19523712	-0.01900629
0.00022511	-0.00014140	0.21477850	-0.02105970
0.00010392	-0.00024975	0.18740766	0.00158568
0.00023747	0.00010553	0.19061600	-0.00837383
0.00044095	-0.00012977	0.19216047	0.00235907
-0.00001762	-0.00027400	0.18345642	0.00248744
0.00023698	-0.00055525	0.19501343	0.01703726
0.00022689	0.00004034	0.20105876	0.01315579
0.00015545	-0.00013476	0.21011448	0.04295262
-0.00021526	-0.00013490	0.21904884	0.01954335
0.00029773	-0.00012751	0.22057681	0.03499765
0.00021331	0.00000852	0.22836131	0.02823193
0.00026667	0.00013906	0.22376004	0.01487336
0.00019576	-0.00004348	0.24083903	0.01315205
0.00016294	-0.00019630	0.25017962	-0.01711597
0.00039483	-0.00020123	0.24767277	-0.03379317
0.00038044	-0.00033355	0.21808603	-0.02426227
-0.00006644	-0.00043193	0.20260473	-0.02318343
0.00006592	-0.00022625	0.18344010	0.01842163
-0.00002498	-0.00016892	0.20511810	0.04281625
0.00001515	-0.00003219	0.23715044	0.05237977
0.00045428	-0.00018300	0.26093033	0.04516574
0.00036475	-0.00007451	0.31568971	-0.00224465
0.00034189	-0.00018026	0.30087831	-0.05935212
0.00013139	-0.00016376	0.29792084	-0.09457314
0.00023358	0.00002212	0.24150189	-0.11413284
0.00018597	-0.00034598	0.18614349	-0.12827659
0.00048549	-0.00001030	0.17081190	-0.08436476
0.00056210	0.00010655	0.15851993	-0.06847081
0.00036303	-0.00005623	0.15303367	-0.04287969
0.00044697	-0.00025125	0.16754574	-0.03170938
0.00049646	-0.00040435	0.18814594	-0.01682430
0.00034419	-0.00026952	0.20884824	-0.02009727
0.00027805	-0.00032476	0.21163864	-0.02954545
0.00048268	-0.00017410	0.22043144	-0.04734294
0.00001782	-0.00009019	0.21636445	-0.06218823
0.00005004	-0.00010373	0.19864692	-0.08072095
0.00031427	-0.00005539	0.18336428	-0.11731615
0.00023205	-0.00006989	0.16685134	-0.09582103
0.00009253	-0.00007050	0.15146660	-0.07771399
0.00030173	-0.00019197	0.13437267	-0.08402229
0.00028194	0.00005603	0.14193528	-0.08341943
0.00043046	0.00004093	0.13017980	-0.09436712
0.00033016	-0.00024246	0.11517744	-0.07205859
0.00014124	-0.00013669	0.10049776	-0.04816643
0.00021672	-0.00004175	0.10226008	-0.04234279
0.00012257	0.00001295	0.10063026	-0.01464883
0.00033089	0.00011364	0.10753189	-0.02725588
0.00018531	0.00009380	0.11763399	-0.00357785
0.00041940	-0.00010114	0.11874053	-0.00232860
0.00007310	-0.00043284	0.11984675	-0.00213245
0.00011440	-0.00023127	0.14607394	0.00519340
0.00021840	-0.00001943	0.14872450	-0.00566685
0.00040983	-0.00032073	0.16049053	-0.01170702
0.00025217	0.00012302	0.15813357	-0.01858769
0.00013100	0.00007330	0.16442059	-0.04528837
0.00023142	-0.00041586	0.15374031	-0.04793251
0.00023454	0.00005504	0.14552093	-0.05338138
-0.00001930	-0.00014621	0.13443305	-0.05001020
0.00025179	0.00019909	0.11257245	-0.06243991
0.00016504	0.00003883	0.10719954	-0.06389556
0.00027364	0.00009372	0.10875712	-0.04119568
0.00025922	0.00022724	0.10354764	-0.04196743
0.00034329	0.00019233	0.07500446	-0.04948965
0.00008654	0.00006180	0.06758458	-0.04617078
0.00018326	-0.00000179	0.06796194	-0.02949111
0.00008606	0.00007463	0.04108899	-0.01634591
0.00004870	0.00005137	0.03371946	0.00830873
0.00027317	-0.00004175	0.04825029	0.02205707
0.00032605	-0.00000512	0.07067495	0.03994247
0.00028361	0.00006256	0.08441722	0.05775247
-0.00003461	-0.00010459	0.08873254	0.04580967
0.00032960	-0.00010046	0.10468141	0.04759867
-0.00000927	-0.00005575	0.10716523	0.03469030
0.00007484	-0.00004236	0.11723437	0.03410920
0.00012224	0.00003830	0.10538485	0.02810531
0.00015405	-0.00033877	0.11154014	0.02731982
0.00008707	-0.00024138	0.11076237	0.03372264
0.00006725	-0.00021273	0.11012579	0.03063367
-0.00004732	-0.00004610	0.10519060	0.02645782
0.00006391	-0.00020045	0.08548597	0.00645286
0.00001598	0.00030800	0.08377148	0.02059297
0.00018955	-0.00029089	0.09561316	0.03358688
0.00001793	-0.00006446	0.06692620	0.04069515
0.00011029	0.00006563	0.07077301	0.05716264
-0.00017212	-0.00039598	0.08167316	0.05242637
0.00006652	0.00012907	0.08121885	0.07150853
-0.00014532	0.00012896	0.08135523	0.07740445
0.00011832	-0.00000123	0.08020957	0.08936415
0.00029495	-0.00030236	0.07796608	0.09736547
0.00004319	0.00023807	0.08943479	0.11345432
-0.00002916	0.00025540	0.09377463	0.09416337
0.00013080	0.00025497	0.09147169	0.11628772
0.00028482	0.00026617	0.11071418	0.12597560
-0.00010802	-0.00020163	0.11390509	0.12808481
0.00010055	-0.00012073	0.10432481	0.13980563
-0.00019361	0.00018763	0.11937117	0.15133869
0.00017718	-0.00006842	0.13479266	0.14691851
-0.00013043	0.00002712	0.12581998	0.15953380
-0.00011254	0.00042149	0.14829975	0.17834950
-0.00015166	0.00018852	0.15076293	0.18588982
0.00007221	0.00024503	0.14737183	0.19115052
-0.00004754	0.00017308	0.16505077	0.21840325
-0.00000512	0.00014832	0.20103176	0.24069355
-0.00005135	0.00003047	0.24013893	0.25892257
0.00012379	-0.00026193	0.28613339	0.24323898
0.00031291	-0.00000599	0.31625295	0.25537556
-0.00008124	-0.00011021	0.37846483	0.26924979
0.00007406	-0.00008151	0.46785999	0.22150482
-0.00014799	-0.00039477	0.53964640	0.17442817
-0.00028826	-0.00002382	0.60966360	0.06381484
-0.00007498	0.00031303	0.59760407	-0.07510144
0.00007067	-0.00003373	0.54435976	-0.21197420
0.00002864	0.00003297	0.40788227	-0.27220014
-0.00017823	-0.00025904	0.28407489	-0.29042321
0.00053375	-0.00009414	0.20601328	-0.24215954
0.00018950	-0.00008839	0.16184200	-0.18506030
0.00003927	0.00004991	0.13992291	-0.13174272
-0.00029082	-0.00014914	0.12291128	-0.11237122
-0.00037071	-0.00002010	0.13202157	-0.06704111
0.00014982	0.00005779	0.13246711	-0.05222435
-0.00008144	0.00029698	0.11367229	-0.03195312
0.00009584	-0.00001728	0.13426702	-0.02337226
0.00002987	0.00003444	0.12668818	-0.00904901
0.00003731	-0.00015270	0.12139829	0.01634387
-0.00015309	0.00008399	0.14520959	0.03662918
0.00016334	0.00018761	0.13850256	0.04215185
0.00006298	0.00017556	0.16314090	0.06382293
0.00013900	0.00012521	0.18470994	0.08267350
0.00008489	-0.00001458	0.19660915	0.10228815
-0.00000344	0.00012711	0.25208340	0.09989357
-0.00003056	0.00030498	0.28937995	0.10356898
0.00020276	0.00023765	0.34253969	0.09598953
-0.00000307	0.00013604	0.38202817	0.03779796
-0.00018642	-0.00007832	0.42496543	-0.02192905
0.00020378	-0.00018266	0.43630405	-0.10379638
0.00000185	-0.00004485	0.38460609	-0.17563914
0.00013828	-0.00006769	0.30502046	-0.20991045
-0.00015799	0.00015198	0.23339031	-0.21160806
-0.00003800	0.00011893	0.19554500	-0.17895060
0.00003253	0.00012514	0.18114960	-0.14233285
0.00000816	0.00024431	0.18355720	-0.15493590
-0.00014104	0.00037808	0.17592999	-0.13427159
-0.00012663	0.00043483	0.16358952	-0.13077993
-0.00027443	0.00011014	0.14930758	-0.13784059
-0.00031381	0.00022959	0.14615988	-0.11640694
-0.00022138	0.00003535	0.11840907	-0.11562044
-0.00007123	0.00010793	0.10132728	-0.09959468
-0.00020405	0.00019458	0.09237388	-0.08193790
-0.00003515	0.00038643	0.09762855	-0.07683418
-0.00010012	0.00015159	0.10856319	-0.05625252
-0.00017002	-0.00021565	0.12686818	-0.05237774
0.00005555	0.00030902	0.13990242	-0.05667795
0.00012738	0.00008935	0.13862413	-0.06591195
-0.00008316	0.00001973	0.12386024	-0.04891085
-0.00004559	0.00015284	0.11921938	-0.05557448
-0.00009028	0.00003280	0.12235109	-0.05477337
-0.00006403	0.00007320	0.10767383	-0.04068234
-0.00033742	0.00008985	0.10983659	-0.03232889
-0.00029152	-0.00023371	0.10156357	-0.01580009
-0.00001796	0.00007155	0.10470133	-0.00112136
-0.00011317	-0.00002345	0.11664365	0.00657013
-0.00015842	0.00002322	0.11469913	0.00756576
-0.00029206	0.00021811	0.12981363	0.00857763
0.00009322	-0.00001130	0.13551049	-0.00152292
0.00005755	-0.00007948	0.12439340	0.00674230
-0.00019955	-0.00004315	0.13730653	0.01235880
-0.00035209	-0.00005462	0.13298837	0.03081275
-0.00023573	0.00025639	0.14608711	0.02926632
-0.00039100	0.00013761	0.14974743	0.02297130
-0.00009100	0.00010508	0.13395094	0.03081301
-0.00015749	0.00006800	0.15927459	0.03024480
-0.00027395	-0.00029780	0.14916865	0.05121612
-0.00006651	0.00005200	0.16711617	0.06802334
-0.00057862	0.00013306	0.18735477	0.07090478
-0.00006783	0.00019511	0.20486027	0.05782897
-0.00016568	0.00010126	0.23002117	0.07164707
-0.00019170	0.00026031	0.25947258	0.05978064
-0.00007769	0.00005710	0.29059827	0.03881415
-0.00023364	0.00020640	0.30420063	0.00684829
-0.00033463	0.00006425	0.30566695	-0.03519729
0.00000775	-0.00009226	0.26817939	-0.08471414
-0.00001677	-0.00016437	0.23034452	-0.09193392
0.00000314	0.00002768	0.19868407	-0.09868269
-0.00027606	0.00011625	0.16950575	-0.07254594
-0.00020577	0.00007474	0.14646709	-0.04688103
-0.00016820	0.00002443	0.16155168	0.00561955
-0.00034586	0.00004651	0.17572101	0.02201131
-0.00026530	-0.00018812	0.20703625	0.02212247
-0.00015050	0.00005700	0.24072924	0.01658298
-0.00003383	0.00015134	0.25061673	-0.00641927
-0.00036451	0.00014487	0.26787548	-0.01739384
-0.00014386	0.00022814	0.25738537	-0.06609425
-0.00013276	0.00014117	0.21961245	-0.05892546
-0.00018278	0.00013142	0.20964082	-0.06187265
-0.00030720	0.00022510	0.18563032	-0.06015392
-0.00025887	0.00009910	0.19614012	-0.03940682
-0.00012865	0.00011566	0.21258686	-0.01794257
-0.00026898	-0.00006854	0.24491084	-0.02404500
-0.00026815	0.00006718	0.25010390	-0.01415937
-0.00025435	-0.00009912	0.25308731	-0.03373041
-0.00042179	0.00001681	0.24409021	-0.05149552
-0.00011029	0.00012499	0.23694672	-0.04968934
-0.00020960	0.00027036	0.24809706	-0.02986282
-0.00009727	0.00028976	0.27506559	-0.04293779
-0.00039941	0.00014448	0.28458216	-0.04058854
-0.00023498	-0.00010284	0.28465193	-0.07591291
-0.00018011	0.00010555	0.27049618	-0.10418770
-0.00002865	0.00018486	0.26149982	-0.11833616
-0.00013449	-0.00004030	0.24457986	-0.13456441
-0.00036656	-0.00010918	0.22756191	-0.11919447
-0.00004926	0.00022514	0.21383804	-0.10757983
-0.00042439	0.00013208	0.22371948	-0.12061089
-0.00032184	-0.00022762	0.19756144	-0.11338653
-0.00015961	0.00014843	0.19714252	-0.09445558
-0.00010733	-0.00000653	0.20091618	-0.06572739
-0.00018479	0.00007007	0.19802733	-0.06674829
-0.00038435	0.00007292	0.20011955	-0.06538451
-0.00014501	0.00000031	0.22045419	-0.05202984
-0.00012941	0.00007575	0.23269561	-0.04077483
-0.00042106	0.00006477	0.26355897	-0.03898271
-0.00024785	-0.00012606	0.26549923	-0.02087380
-0.00006071	0.00016496	0.30007902	-0.01762426
-0.00009433	-0.00000005	0.33765244	-0.02422160
-0.00026106	0.00021391	0.36799294	-0.04160554
-0.00020085	-0.00003445	0.42272988	-0.07552859
-0.00047575	0.00027502	0.44641726	-0.14545839
-0.00025113	0.00015137	0.43206654	-0.20529753
-0.00041173	0.00008219	0.42442322	-0.26353270
-0.00032753	0.00007641	0.37514441	-0.32223534
-0.00033709	-0.00026137	0.32140922	-0.35314623
-0.00036548	-0.00009900	0.27416167	-0.36336161
-0.00044137	0.00022079	0.20454993	-0.34865514
-0.00036411	0.00011091	0.18030139	-0.32872371
-0.00044894	0.00005746	0.15375322	-0.31495240
-0.00023883	-0.00000337	0.11970261	-0.29702781
-0.00053354	0.00006349	0.13277896	-0.29189898
-0.00023195	-0.00010229	0.13422559	-0.25584445
-0.00041210	0.00010126	0.11764693	-0.24361605
0.00000335	-0.00013952	0.11321233	-0.24643752
-0.00025996	-0.00019844	0.12320383	-0.23941059
-0.00029702	0.00024152	0.11874860	-0.23636336
-0.00042036	0.00006764	0.10719197	-0.23832118
-0.00020514	-0.00009501	0.11640748	-0.24393143
-0.00038280	0.00003896	0.11012341	-0.24696222
-0.00042770	0.00005829	0.11762118	-0.23563827
-0.00024431	-0.00007084	0.09837809	-0.22753925
-0.00027335	0.00024092	0.09281774	-0.22386669
-0.00015286	-0.00013945	0.08391543	-0.23885170
-0.00048008	-0.00006509	0.07814168	-0.23651490
-0.00021049	0.00014362	0.07007174	-0.23102024
-0.00013982	-0.00006931	0.03004225	-0.23231040
-0.00034234	0.00039945	0.04100480	-0.20593858
-0.00019474	-0.00007553	0.06023313	-0.20292432
-0.00043699	0.00010826	0.04519904	-0.19228783
-0.00043236	0.00020606	0.05852821	-0.19321820
-0.00000297	-0.00009008	0.03460821	-0.19555088
-0.00047040	-0.00015545	0.03255647	-0.18422065
-0.00046039	0.00005753	0.03756046	-0.16361648
-0.00013907	-0.00000078	0.03911302	-0.16308158
-0.00023359	0.00002578	0.03451248	-0.16597797
-0.00045366	-0.00017421	0.01924655	-0.15596422
-0.00018242	0.00009231	0.03964047	-0.14285344
-0.00014282	-0.00000292	0.04223356	-0.15306882
-0.00038845	-0.00021742	0.03780507	-0.15443948
-0.00015519	0.00000124	0.04037731	-0.14752765
-0.00020290	-0.00003500	0.03287915	-0.14225640
-0.00023664	-0.00014806	0.02781948	-0.13620234
-0.00008074	0.00027078	0.04634565	-0.14027651
-0.00017495	-0.00016297	0.03172931	-0.13342124
-0.00020422	-0.00013631	0.02826847	-0.12486767
-0.00042803	0.00021181	0.04797301	-0.13201403
-0.00028075	-0.00004783	0.03685696	-0.13436769
-0.00010420	-0.00036322	0.03622135	-0.12766033
-0.00013467	0.00000619	0.04599869	-0.13535455
-0.00035993	0.00000946	0.04166525	-0.13329656
-0.00008488	-0.00019326	0.04649764	-0.12599583
-0.00020361	-0.00001686	0.02925890	-0.13953185
-0.00025599	0.00026107	0.04356555	-0.11985636
-0.00041707	0.00021825	0.03347885	-0.13537922
-0.00020549	0.00024578	0.04928788	-0.14001761
-0.00045230	0.00010131	0.03651471	-0.12918659
0.00004485	-0.00003266	0.04647368	-0.12473564
0.00001335	-0.00002341	0.02741792	-0.11547340
-0.00033056	-0.00014910	0.05577156	-0.11101897
-0.00048474	-0.00002272	0.03873547	-0.12499785
-0.00030445	0.00007191	0.05900785	-0.12095405
-0.00027220	0.00035933	0.02116770	-0.12926558
-0.00035664	0.00011015	0.03048255	-0.13718660
-0.00046567	-0.00020666	0.02451023	-0.12714561
-0.00010793	0.00003008	0.03234042	-0.12024297
-0.00030002	0.00005600	0.03509318	-0.11207353
-0.00008947	0.00000954	0.03182213	-0.11731422
-0.00032508	0.00022055	0.02548260	-0.11707819
-0.00017963	-0.00009013	0.03399465	-0.11155657
-0.00039598	-0.00025933	0.02656957	-0.10309214
-0.00011243	0.00043872	0.02704515	-0.10761617
-0.00009744	0.00001582	0.03136998	-0.08702251
-0.00007600	0.00005777	0.03740498	-0.10042272
0.00025179	0.00011066	0.04203363	-0.10426746
-0.00054096	0.00027546	0.04073612	-0.08966064
-0.00026494	0.00016894	0.03363084	-0.09920259
-0.00002172	-0.00021774	0.04103170	-0.10963380
-0.00000550	-0.00015808	0.01870857	-0.12367694
-0.00041673	-0.00034938	0.02392411	-0.13163165
-0.00006376	0.00036530	0.01279526	-0.11343609
-0.00009036	-0.00002761	-0.02620880	-0.09951437
-0.00023581	0.00000683	-0.02120005	-0.08509514
-0.00023857	0.00014282	-0.01740161	-0.05604888
-0.00011006	-0.00007535	0.00460201	-0.03490791
-0.00035387	-0.00004408	0.07307158	-0.03975573
-0.00012893	0.00033972	0.09061949	-0.09531686
-0.00022333	-0.00015611	0.06727697	-0.12642691
-0.00028587	-0.00017040	0.02665427	-0.12934331
-0.00018824	0.00000027	-0.01021108	-0.10674740
-0.00016130	-0.00000017	-0.01680070	-0.07418176
-0.00002931	-0.00019346	0.02159520	-0.06826168
-0.00021456	-0.00015154	0.03235555	-0.06796404
-0.00014541	0.00004784	0.03123753	-0.08737552
-0.00020149	0.00012993	0.00601662	-0.05877616
-0.00001071	-0.00032112	0.04368393	-0.03537559
0.00002620	-0.00001564	0.09014282	-0.03884997
-0.00032703	0.00000855	0.06789537	-0.15006498
-0.00015021	0.00020505	-0.02978909	-0.08935759
-0.00024476	0.00001278	0.04701936	-0.14975957
-0.00018050	0.00026300	0.00389460	-0.01566266
-0.00040934	0.00011987	0.10861390	-0.12245639
-0.00036425	-0.00002688	0.00408350	-0.12225074
-0.00031948	0.00016126	-0.01760701	-0.02988284
-0.00021622	0.00006156	0.05878889	-0.00265825
-0.00038407	0.00016774	0.14366141	-0.10550902
-0.00017206	0.00007929	-0.04744617	-0.16436168
-0.00014919	0.00025758	0.05793554	0.02436236
0.00008418	0.00004427	0.05543942	-0.15616517
-0.00011324	0.00040814	-0.01915091	-0.09310651
-0.00053252	0.00006650	-0.00183563	-0.04844796
-0.00036956	0.00009083	0.04677161	-0.03398183
-0.00036782	0.00033003	0.05416513	-0.06528573
-0.00026236	0.00006556	0.05527178	-0.09731036
-0.00042858	-0.00012482	0.02759817	-0.10500210
-0.00039516	-0.00001421	0.01458327	-0.10252597
0.00003513	-0.00025406	-0.00751696	-0.09773347
-0.00045596	0.00001006	-0.00820977	-0.09872524
0.00001205	-0.00003066	-0.02498417	-0.06260924
-0.00010232	0.00010123	-0.01500604	-0.06709337
-0.00022038	0.00015327	-0.02687736	-0.03791709
-0.00015249	0.00034097	-0.00779565	-0.03521592
-0.00023070	-0.00011043	0.00828283	-0.03056701
0.00010058	0.00011350	0.01563326	-0.02517990
0.00003912	-0.00002537	0.02537954	-0.01899780
0.00004499	0.00014757	0.03958064	-0.03651188
0.00009847	-0.00000131	0.02085425	-0.01701832
0.00002421	-0.00019849	0.03819819	-0.02165329
-0.00012660	-0.00009336	0.02763266	-0.03055564
-0.00003379	0.00002886	0.05602975	-0.03638670
-0.00028518	-0.00017267	0.03991514	-0.03715239
-0.00014731	-0.00011400	0.03915625	-0.03751282
-0.00007076	-0.00016409	0.04756720	-0.04375851
0.00038046	-0.00015733	0.03492689	-0.05487815
-0.00000062	0.00003870	0.04287868	-0.03078305
-0.00029340	-0.00028450	0.04304031	-0.05610890
-0.00001963	0.00004900	0.05304079	-0.05097701
-0.00013929	0.00005922	0.03804946	-0.05443586
-0.00012034	-0.00004252	0.04477833	-0.04441592
0.00014894	-0.00014646	0.04574583	-0.04938143
0.00014467	-0.00003225	0.03917208	-0.04539095
-0.00038339	-0.00000752	0.03787124	-0.05160231
-0.00029165	-0.00006760	0.04563284	-0.05124270
-0.00011575	0.00019812	0.03111626	-0.04419191
0.00005295	-0.00016529	0.04642179	-0.03915113
0.00007482	-0.00012338	0.03674130	-0.04285083
-0.00025123	-0.00024266	0.03973589	-0.02774508
-0.00009817	-0.00015009	0.03426838	-0.04400534
0.00012152	-0.00015127	0.04168844	-0.02779523
-0.00014462	0.00027468	0.06282582	-0.03269047
-0.00031790	0.00000175	0.05418766	-0.04489845
-0.00002465	0.00003435	0.04923112	-0.03372302
0.00038619	-0.00000334	0.03632263	-0.03950224
0.00010961	-0.00003400	0.03104352	-0.05265398
0.00002616	-0.00002831	0.04020706	-0.04044039
0.00031119	0.00000084	0.04600228	-0.04996686
-0.00018692	0.00010246	0.06286587	-0.03176370
0.00014648	-0.00018117	0.04622685	-0.03198765
0.00020959	0.00026871	0.03848434	-0.04698688
-0.00013521	0.00017448	0.05555621	-0.04933069
0.00016175	-0.00010098	0.04870662	-0.03805062
-0.00020337	0.00023912	0.06316703	-0.04254534
0.00005066	0.00002269	0.05873318	-0.04990032
0.00001700	0.00027909	0.05805066	-0.04627545
-0.00009073	0.00009038	0.06557573	-0.03333343
0.00031775	0.00006927	0.06918429	-0.06012198
-0.00003905	0.00009650	0.04785976	-0.02586087
0.00033623	0.00007010	0.05271946	-0.03506273
-0.00007871	0.00020984	0.05728500	-0.04170584
0.00021185	0.00007608	0.05211598	-0.05362093
-0.00000476	0.00024771	0.06539902	-0.05391290
0.00023366	-0.00004830	0.05371735	-0.03941055
0.00006727	0.00017365	0.06992004	-0.04950421
0.00017081	-0.00002880	0.05247362	-0.06415527
-0.00006022	-0.00027723	0.05774774	-0.05937837
0.00006896	0.00038042	0.05133433	-0.04426955
0.00015055	0.00002968	0.04605995	-0.06546835
-0.00009600	0.00021396	0.04157657	-0.05810520
-0.00000210	-0.00003313	0.06494434	-0.04264627
-0.00005383	0.00021273	0.04930409	-0.05638064
0.00007899	0.00007004	0.05059871	-0.03458256
0.00019864	-0.00023550	0.03209948	-0.05109854
0.00021902	-0.00028218	0.04217076	-0.04057903
0.00023733	-0.00015510	0.04422389	-0.04936447
0.00034876	-0.00009322	0.04889698	-0.03937451
0.00033300	0.00034768	0.04022320	-0.04721071
0.00002084	-0.00025788	0.03951303	-0.05565870
-0.00025996	0.00022140	0.04039494	-0.04222461
0.00002056	0.00000740	0.04230965	-0.03539892
0.00008010	-0.00011888	0.04243930	-0.05291306
-0.00014885	0.00004410	0.05328558	-0.04699375
0.00010616	-0.00010968	0.05421844	-0.04068454
0.00020647	-0.00023446	0.04332833	-0.03771122
0.00031984	0.00020677	0.05693178	-0.03198975
0.00012845	0.00009470	0.05873333	-0.03243762
-0.00015209	0.00010491	0.06566867	-0.04494634
-0.00005873	-0.00000633	0.04579520	-0.04044057
0.00026690	-0.00006964	0.04337778	-0.05327158
-0.00006661	0.00005588	0.05343997	-0.05458109
0.00007279	-0.00000860	0.03345541	-0.05070417
0.00002421	0.00029177	0.03936348	-0.04546343
0.00008855	0.00016084	0.03579004	-0.04347552
-0.00006463	0.00004077	0.03292300	-0.04091118
0.00021870	-0.00021430	0.04511878	-0.04123130
0.00015201	-0.00002642	0.05080983	-0.03287679
0.00025532	0.00012282	0.05606662	-0.04894479
0.00005101	0.00003652	0.05566375	-0.04647307
0.00031586	0.00013580	0.04444098	-0.04476228
0.00015661	0.00023659	0.04476181	-0.04381457
0.00010499	0.00002250	0.05416100	-0.03193289
0.00009917	0.00005524	0.05705145	-0.03427758
-0.00004442	0.00021267	0.06283773	-0.04573438
0.00000299	-0.00008428	0.04454197	-0.04077413
0.00030607	0.00018997	0.04979356	-0.03668645
-0.00001457	0.00000020	0.05040010	-0.03145423
0.00005132	-0.00020070	0.05266205	-0.03899084
0.00036720	-0.00003780	0.04732892	-0.04776797
-0.00009149	0.00007668	0.05047609	-0.04458687
0.00019019	0.00016199	0.05888222	-0.03028341
0.00046641	0.00028387	0.04986898	-0.04961813
0.00029593	0.00001433	0.06802104	-0.04820303
0.00020260	-0.00008250	0.04903929	-0.03554703
-0.00000354	-0.00016932	0.05066812	-0.03622504
0.00014062	0.00001967	0.04697190	-0.03185362
0.00008130	-0.00029698	0.06584407	-0.04085004
0.00043637	0.00024040	0.05216084	-0.03537898
0.00009488	0.00028084	0.04509714	-0.03781085
0.00053191	0.00003918	0.06454865	-0.03361384
-0.00001923	0.00011954	0.04839103	-0.03380861
0.00022969	0.00014155	0.05068725	-0.03650006
0.00009823	0.00005147	0.06301336	-0.04074718
-0.00012707	0.00011427	0.05674812	-0.03963960
-0.00004324	0.00044684	0.06324421	-0.04922652
0.00026791	-0.00000448	0.04544091	-0.03318105
-0.00014642	-0.00016146	0.05438119	-0.04273976
0.00001257	0.00009309	0.05973349	-0.03022522
-0.00008178	0.00037973	0.04838340	-0.03335019
0.00000413	-0.00007852	0.05484691	-0.03584124
0.00023766	-0.00011578	0.05610295	-0.03256588
0.00026023	0.00022887	0.05571315	-0.03230544
-0.00002964	-0.00002511	0.05437178	-0.04243072
-0.00005198	0.00009297	0.05315026	-0.04514555
0.00001418	0.00010096	0.04490435	-0.04148530
0.00010315	0.00012268	0.05432635	-0.03219935
0.00003040	0.00015664	0.05420908	-0.03609736
0.00001782	-0.00011488	0.06060882	-0.03926095
0.00004590	0.00000048	0.05563741	-0.03521245
0.00034661	-0.00009754	0.06375112	-0.04190727
-0.00002987	0.00015329	0.03836224	-0.03215241
0.00013590	-0.00014444	0.04407616	-0.02605465
0.00016827	0.00012926	0.04221631	-0.04341902
0.00014600	0.00015478	0.06109519	-0.04683500
0.00015978	0.00006275	0.04829922	-0.04466893
-0.00000942	0.00020457	0.04769513	-0.02820947
0.00020323	0.00004935	0.04609530	-0.03472932
0.00000370	-0.00015428	0.04440882	-0.04290128
0.00027571	-0.00031507	0.05780447	-0.04611405
-0.00018357	0.00027403	0.05360177	-0.03625205
0.00010793	0.00013172	0.04008033	-0.03299506
0.00012677	0.00019463	0.04879839	-0.02543453
0.00035983	-0.00007526	0.04227824	-0.04342132
0.00023205	0.00014223	0.05786267	-0.03178702
-0.00018266	0.00016255	0.04497196	-0.04647108
-0.00014060	0.00018073	0.05767447	-0.04073751
0.00001972	0.00018467	0.05794254	-0.03712587
-0.00006975	0.00033683	0.04672968	-0.03435583
-0.00006289	-0.00001067	0.05365266	-0.03949093
0.00015239	-0.00007024	0.05122350	-0.02820418
-0.00013999	0.00006714	0.04624345	-0.03704675
0.00018737	-0.00017868	0.05557800	-0.03535054
0.00002622	0.00019811	0.04294134	-0.02223786
0.00004833	0.00011654	0.07431256	-0.04598503
-0.00001119	0.00006788	0.05002453	-0.04417527
-0.00005088	0.00012796	0.04893433	-0.03070508
0.00012753	-0.00000020	0.05330873	-0.04005941
0.00018935	-0.00025486	0.06699041	-0.03472437
0.00022703	-0.00029360	0.05227972	-0.03183575
0.00038604	-0.00000890	0.05507164	-0.03188804
-0.00023327	0.00022262	0.06236032	-0.03121498
-0.00007485	0.00004615	0.05204612	-0.04538015
0.00038300	0.00011324	0.05606388	-0.03619807
0.00004399	-0.00002740	0.06350646	-0.02418742
0.00005663	0.00042237	0.05045154	-0.03372629
0.00012929	0.00010095	0.05407921	-0.03417381
-0.00007301	0.00021887	0.05943070	-0.04530806
0.00015602	0.00002731	0.05467667	-0.02645626
0.00023099	-0.00008370	0.05763192	-0.03374783
0.00000063	-0.00035507	0.06047338	-0.02040336
0.00028346	-0.00006235	0.04611833	-0.04556601
0.00016780	0.00012969	0.05822751	-0.03694203
0.00027805	0.00005466	0.06720604	-0.04074884
0.00021106	0.00006600	0.06066646	-0.04319204
-0.00005007	0.00008389	0.03161221	-0.04069287
-0.00000525	0.00005967	0.06454553	-0.03026882
0.00015122	0.00025651	0.05369083	-0.03514663
0.00012693	0.00017828	0.05532451	-0.05543290
0.00026749	0.00011979	0.06270429	-0.03858660
0.00010240	0.00030772	0.05540030	-0.03588551
0.00015426	0.00014313	0.05927302	-0.03503056
0.00006994	-0.00006465	0.03387087	-0.03670689
0.00010842	0.00002798	0.06886424	-0.03718187
0.00015779	0.00013946	0.05788502	-0.03163577
-0.00004356	-0.00004252	0.04743980	-0.03973634
0.00028612	0.00004974	0.05533290	-0.02755234
-0.00000192	0.00001741	0.05148508	-0.03988603
-0.00001929	0.00007932	0.06300485	-0.04583999
0.00008610	0.00018253	0.04700638	-0.03262202
0.00018612	-0.00003324	0.05326422	-0.03300005
0.00009370	0.00014993	0.05274971	-0.04565865
-0.00001941	-0.00037821	0.06001419	-0.04843941
0.00018366	0.00008635	0.06601006	-0.05039313
0.00008357	0.00032036	0.06647348	-0.05004340
0.00008771	0.00000802	0.05494936	-0.04943657
0.00031526	-0.00013870	0.06753164	-0.04264055
0.00017161	0.00023668	0.05690430	-0.03282713
-0.00024468	0.00002739	0.05914511	-0.03836714
0.00003398	0.00015218	0.05535152	-0.04295153
0.00022224	0.00004185	0.04556655	-0.03970671
-0.00007256	-0.00003653	0.05383940	-0.02560524
0.00015659	0.00023552	0.06600243	-0.04908364
0.00009751	0.00007952	0.04301935	-0.02597145
0.00003017	-0.00008004	0.05627665	-0.04219253
0.00002692	-0.00008975	0.03618959	-0.02339073
-0.00008658	0.00013133	0.04091463	-0.03940932
0.00040261	0.00032506	0.04741278	-0.03261927
0.00020699	0.00008026	0.05262024	-0.03399868
0.00024295	-0.00009169	0.05635277	-0.04782175
-0.00009932	0.00001611	0.05967876	-0.04001180
0.00016582	-0.00034550	0.05000574	-0.03263121
0.00023013	0.00014577	0.05987477	-0.04157276
0.00004920	0.00005401	0.04825082	-0.03272745
0.00002763	-0.00006580	0.05256214	-0.03123946
-0.00015660	0.00000845	0.05524560	-0.03387803
0.00032192	0.00008634	0.05040945	-0.03496986
0.00015678	0.00006155	0.05758738	-0.03914547
0.00015172	-0.00002575	0.05339836	-0.02781711
0.00011248	-0.00001843	0.05443867	-0.03110024
-0.00018573	0.00010728	0.06148337	-0.02725048
0.00000289	-0.00008980	0.04473060	-0.03050543
0.00012480	-0.00010252	0.05724675	-0.02720244
0.00034948	-0.00000819	0.05692288	-0.04553000
0.00038667	-0.00001050	0.05007294	-0.03083292
0.00013146	0.00004047	0.05233979	-0.03354268
-0.00014264	0.00009876	0.05787403	-0.04575381
0.00003356	0.00011580	0.04863787	-0.01948324
-0.00008947	0.00023538	0.05357960	-0.04107385
-0.00024275	0.00004361	0.06171148	-0.02885821
-0.00027239	0.00006780	0.06942566	-0.03699774
-0.00018848	0.00006120	0.05427590	-0.01546025
-0.00011418	-0.00020718	0.05335705	-0.04827387
-0.00009787	-0.00001005	0.05056385	-0.04435497
-0.00001392	-0.00004755	0.05493375	-0.04373458
-0.00008510	0.00011621	0.04936657	-0.03307270
0.00001822	-0.00007195	0.04823814	-0.02860083
0.00014203	0.00020400	0.06038613	-0.03095179
0.00016099	0.00017386	0.05802494	-0.03981383
0.00008517	0.00013580	0.06010705	-0.02916156
0.00004075	-0.00006598	0.06241308	-0.02469027
-0.00014212	0.00017406	0.05510146	-0.03793535
0.00022737	0.00003017	0.03824568	-0.02612494
0.00018074	0.00015349	0.04767107	-0.03119776
0.00016184	0.00007005	0.05896094	-0.02460116
-0.00002628	0.00002657	0.05129496	-0.02775780
0.00018292	0.00027775	0.05686905	-0.03145778
-0.00004255	-0.00001477	0.05526954	-0.03325526
-0.00012935	-0.00011897	0.05174236	-0.04284165
-0.00018039	0.00009562	0.04924084	-0.02809624
0.00009750	-0.00016578	0.06085251	-0.03871358
-0.00005829	0.00015773	0.04654264	-0.04416944
-0.00002114	0.00016533	0.05591719	-0.02771782
-0.00014354	0.00022762	0.05701435	-0.03520977
0.00009972	0.00024706	0.05721186	-0.03522203
0.00005073	0.00002075	0.06571264	-0.03493524
-0.00002308	0.00017881	0.05283266	-0.03860156
0.00014124	0.00014056	0.06230272	-0.04227531
0.00017321	0.00025134	0.05987548	-0.03759836
0.00020149	-0.00004203	0.06984826	-0.03921428
0.00016094	-0.00012713	0.05432982	-0.02903092
0.00013419	-0.00000310	0.06396764	-0.02990581
0.00009726	0.00019472	0.05023385	-0.02621054
0.00015206	-0.00001456	0.06195837	-0.03809019
0.00017046	-0.00007267	0.04923113	-0.02848086
-0.00012307	0.00012640	0.05891600	-0.02850402
0.00033831	0.00030084	0.04992446	-0.02285755
-0.00003697	0.00026628	0.06108235	-0.02983872
0.00005937	0.00000938	0.04667066	-0.03424830
0.00001023	-0.00041628	0.04639851	-0.03927390
-0.00004581	0.00008835	0.04302045	-0.03456538
0.00019673	-0.00003838	0.06231789	-0.03625722
0.00006040	0.00003630	0.05811704	-0.02478998
-0.00010892	-0.00017656	0.04445770	-0.02948009
0.00016817	0.00007089	0.07132759	-0.02817358
-0.00005814	0.00003116	0.05102784	-0.02981224
-0.00014303	0.00001366	0.06271061	-0.03650795
0.00012604	-0.00004915	0.06415199	-0.02446637
0.00014215	-0.00003511	0.05769028	-0.02259495
-0.00003190	0.00000376	0.06069562	-0.03437840
0.00017678	-0.00014627	0.06510413	-0.03549156
0.00012000	-0.00022007	0.06568844	-0.02441863
0.00024116	-0.00016516	0.05112755	-0.03383779
0.00003780	-0.00010307	0.05840624	-0.03092238
-0.00013918	-0.00020026	0.05972497	-0.03196678
-0.00009612	-0.00013062	0.06850557	-0.04222852
0.00021538	0.00006163	0.07589232	-0.04418995
0.00014589	-0.00008869	0.06527064	-0.02698105
0.00035153	-0.00006159	0.07090379	-0.03767604
-0.00003237	-0.00016034	0.05843197	-0.03670321
-0.00017747	0.00035016	0.07696461	-0.03205921
0.00008529	-0.00004734	0.06304206	-0.03525087
0.00003544	-0.00021481	0.06964385	-0.03804194
-0.00010818	0.00004452	0.06255445	-0.04215042
0.00012877	-0.00016311	0.06120962	-0.04714511
-0.00009897	-0.00016754	0.05922816	-0.04873047
-0.00004229	0.00001853	0.07148227	-0.03431328
-0.00006384	-0.00014783	0.05070806	-0.03730479
0.00025544	0.00013090	0.06332759	-0.05886291
0.00023593	0.00033854	0.06089595	-0.03725337
0.00021458	-0.00015662	0.06380900	-0.04200586
-0.00000713	-0.00019416	0.05848175	-0.02712912
0.00008238	0.00015976	0.05239110	-0.03730357
-0.00008557	0.00010952	0.05695628	-0.04055600
0.00021325	0.00027903	0.05907564	-0.03136684
0.00001358	-0.00000450	0.07125797	-0.04692637
0.00008323	-0.00010305	0.06427864	-0.03244663
-0.00029387	-0.00009172	0.05291534	-0.03295653
0.00012432	-0.00011745	0.05272584	-0.03573530
0.00003610	0.00015320	0.05702808	-0.03592135
0.00007823	0.00006234	0.06888790	-0.02286489
0.00017056	-0.00002992	0.06185438	-0.03745752
-0.00020460	-0.00015318	0.06934782	-0.02382298
-0.00006555	-0.00004407	0.08280436	-0.02909640
-0.00006722	-0.00006742	0.07067021	-0.03619132
0.00008362	-0.00018936	0.07088556	-0.04293567
-0.00008490	0.00010435	0.05680938	-0.05118279
-0.00019698	-0.00008041	0.07047338	-0.05307228
-0.00014652	-0.00011672	0.07314883	-0.04565892
-0.00007425	-0.00005577	0.06386695	-0.03445052
-0.00012008	-0.00010539	0.06314470	-0.03568786
0.00039923	0.00000748	0.06292478	-0.04536931
0.00008393	-0.00001597	0.07013053	-0.03271399
-0.00010776	-0.00001289	0.06724499	-0.03976845
0.00016002	0.00023088	0.07759665	-0.04862944
0.00016524	-0.00016520	0.07879908	-0.05920069
-0.00008262	-0.00009514	0.06751194	-0.05237599
-0.00019151	-0.00010190	0.08274246	-0.05951079
0.00005037	0.00000440	0.07127768	-0.04609754
0.00017367	-0.00020695	0.07816032	-0.05847559
-0.00019703	-0.00003955	0.06438110	-0.06019224
0.00015575	-0.00003109	0.05529681	-0.05852641
0.00017396	0.00010277	0.05837649	-0.06473743
-0.00000111	-0.00009470	0.05469619	-0.06680394
0.00010296	-0.00030216	0.05576653	-0.05510290
0.00014741	0.00021488	0.05046498	-0.05095514
0.00004884	0.00016043	0.05202878	-0.07060272
0.00005693	0.00024653	0.06236668	-0.05009522
-0.00013373	-0.00007513	0.05759554	-0.03664230
0.00003333	0.00023666	0.06198600	-0.05310537
-0.00006178	0.00007384	0.05248480	-0.04709133
-0.00002703	0.00019144	0.06045687	-0.04563223
-0.00012264	0.00003710	0.05392611	-0.06371041
0.00010028	-0.00001894	0.05087866	-0.05842625
0.00003593	-0.00022303	0.05034992	-0.05931479
-0.00005787	0.00006616	0.05204446	-0.03748535
0.00006763	0.00012473	0.04872471	-0.04698232
-0.00001607	0.00025396	0.05296375	-0.06076309
0.00003469	-0.00006137	0.05220303	-0.05817883
0.00011921	-0.00007818	0.04892875	-0.05636503
0.00015830	0.00007944	0.03753390	-0.05451833
0.00025533	-0.00002951	0.04753048	-0.05023039
-0.00003012	0.00004632	0.05368724	-0.04892234
-0.00006242	-0.00013877	0.04773772	-0.05147467
-0.00005882	-0.00032869	0.04530021	-0.05040709
0.00002989	0.00008886	0.04503140	-0.04419589
0.00044726	-0.00013253	0.03518496	-0.05157696
-0.00008281	-0.00018650	0.03885014	-0.04397997
0.00015161	0.00022344	0.04391605	-0.04695547
0.00008280	0.00003907	0.03385174	-0.05455469
-0.00023064	0.00002176	0.02726631	-0.04258436
-0.00017364	-0.00016314	0.03433393	-0.03724244
0.00006853	-0.00002854	0.04046519	-0.05051378
-0.00004688	-0.00016925	0.04940317	-0.04134666
-0.00000922	-0.00012551	0.04386242	-0.04764100
-0.00006905	0.00009364	0.05114916	-0.04501757
-0.00020495	0.00019017	0.03101705	-0.03887783
-0.00005802	0.00039501	0.03184513	-0.04027679
-0.00005906	-0.00014395	0.04445390	-0.04456675
0.00012218	0.00002755	0.04101795	-0.03863771
0.00015888	0.00008173	0.04734828	-0.04510640
-0.00000090	0.00005944	0.05272987	-0.02978132
0.00002088	0.00008744	0.02848801	-0.02573817
0.00009934	-0.00006462	0.04926023	-0.03131653
0.00003371	-0.00004308	0.04529921	-0.03035229
0.00000240	-0.00022856	0.03823518	-0.02612626
-0.00019247	-0.00009149	0.06015364	-0.02669003
0.00006829	0.00008532	0.05217075	-0.02474757
0.00022298	0.00010666	0.05570022	-0.02581403
0.00013145	-0.00026491	0.04253510	-0.04199071
-0.00015025	0.00000173	0.07017453	-0.02961132
-0.00018596	-0.00007775	0.07698423	-0.02701736
0.00021299	-0.00014020	0.03978971	-0.02694265
-0.00002780	-0.00022549	0.05920589	-0.01995504
-0.00012253	0.00001063	0.06310396	-0.03927719
0.00002236	0.00007677	0.06966237	-0.02675011
-0.00005245	-0.00015966	0.06799003	-0.01983872
0.00006308	-0.00017179	0.07598933	-0.03465646
0.00026660	-0.00003795	0.07748534	-0.04135506
0.00004015	0.00002608	0.07417484	-0.04350887
0.00008361	-0.00010042	0.06665224	-0.03067622
0.00003710	0.00002098	0.08073911	-0.04731305
0.00001360	-0.00006947	0.07811241	-0.03624035
0.00003165	0.00004066	0.07145053	-0.05088038
-0.00014606	-0.00007093	0.06141078	-0.03910436
-0.00009990	-0.00003941	0.07809133	-0.04053213
-0.00022474	-0.00024283	0.07337664	-0.04901523
-0.00007678	-0.00000893	0.05640564	-0.05146527
0.00022391	-0.00015960	0.07232837	-0.05358405
0.00017507	0.00010540	0.07129532	-0.05841186
0.00025062	-0.00002173	0.07020381	-0.04097640
0.00015478	-0.00026936	0.07705273	-0.05333326
-0.00021281	-0.00025043	0.07449272	-0.05581633
0.00000962	-0.00019822	0.06506841	-0.06779589
-0.00005297	0.00018241	0.07342423	-0.05720280
0.00002025	-0.00004097	0.05787316	-0.04527353
0.00017579	-0.00005184	0.06366592	-0.06469222
0.00016481	-0.00015430	0.05650758	-0.06409224
0.00000636	0.00021488	0.06002786	-0.05413412
0.00010982	-0.00011219	0.06534865	-0.06061217
0.00011739	0.00023978	0.05866183	-0.05584506
-0.00002635	0.00005116	0.05486049	-0.05213480
-0.00017615	0.00001381	0.05399426	-0.04426379
-0.00020727	0.00012795	0.05960483	-0.05930612
0.00008560	0.00010591	0.06141813	-0.05659376
0.00020474	0.00000980	0.04650037	-0.04915774
0.00017858	-0.00030020	0.05234213	-0.06611293
-0.00001199	-0.00008529	0.04978195	-0.05369636
-0.00024255	0.00016565	0.05716462	-0.04628177
0.00007579	-0.00003483	0.06174977	-0.05951050
0.00017567	-0.00009950	0.05667239	-0.06691531
-0.00012692	-0.00016112	0.03918474	-0.05418148
0.00006284	0.00002027	0.05203367	-0.05644861
0.00012233	-0.00010504	0.06376523	-0.05904176
-0.00021862	0.00007401	0.05613262	-0.05765108
0.00008097	-0.00019947	0.03731563	-0.06301265
0.00017236	0.00012957	0.04599110	-0.05784206
-0.00019927	-0.00026498	0.04197672	-0.06098476
-0.00007018	-0.00003961	0.04580233	-0.05733281
-0.00013808	-0.00013710	0.04897347	-0.05395197
0.00011007	0.00004740	0.04321311	-0.06270185
-0.00012546	-0.00022670	0.05495144	-0.05760779
-0.00007756	0.00015569	0.03579187	-0.05515060
-0.00001813	-0.00021502	0.04847126	-0.05162771
0.00014679	-0.00002642	0.04612005	-0.05618464
0.00010992	-0.00017650	0.04079646	-0.06757512
-0.00002142	0.00031120	0.03820438	-0.06716334
-0.00013114	-0.00023020	0.05260080	-0.06701065
0.00006224	-0.00019370	0.03414057	-0.05502508
0.00015923	-0.00007687	0.04084997	-0.06569425
-0.00016355	0.00013660	0.03775238	-0.05653321
0.00014786	0.00025822	0.05930633	-0.06352836
-0.00012944	0.00011196	0.06160245	-0.05056291
0.00024087	0.00013131	0.04974157	-0.05208110
0.00006377	-0.00025900	0.05101779	-0.05584711
-0.00037056	0.00022009	0.04347131	-0.05230989
-0.00000371	-0.00014662	0.05788744	-0.06241834
-0.00013727	0.00005325	0.04962693	-0.05822462
0.00030760	-0.00014661	0.04530314	-0.05013455
-0.00040848	-0.00029800	0.04832483	-0.04678697
0.00011247	-0.00025902	0.04604735	-0.06240803
-0.00009157	0.00010377	0.04562696	-0.05547273
-0.00008015	0.00020959	0.04338968	-0.05196904
-0.00012586	-0.00000001	0.04060210	-0.04277982
0.00011761	-0.00001143	0.03791249	-0.05500252
0.00026364	-0.00027408	0.03995023	-0.05066164
0.00021237	0.00023412	0.05108090	-0.04745919
0.00011456	0.00021572	0.04041817	-0.04651684
-0.00009865	-0.00028830	0.04305431	-0.05289201
-0.00011374	-0.00026485	0.03675960	-0.05103145
0.00001811	0.00014147	0.03499969	-0.05531000
-0.00005840	-0.00026078	0.03921937	-0.05037773
-0.00006723	0.00008087	0.04926845	-0.06593935
0.00004550	0.00003503	0.04773677	-0.04897806
0.00016161	-0.00019605	0.05277273	-0.05109034
0.00000669	-0.00005703	0.05279582	-0.05869579
-0.00009558	-0.00028114	0.03050390	-0.04934678
0.00029077	-0.00000460	0.03957664	-0.04252665
0.00008789	-0.00004129	0.05371467	-0.04754709
-0.00012715	-0.00011574	0.04443537	-0.06588264
-0.00002936	-0.00035569	0.04178078	-0.04069364
0.00021224	-0.00028295	0.02387557	-0.06346381
-0.00019618	-0.00016935	0.03581313	-0.05768365
0.00002116	-0.00010880	0.02785662	-0.05445469
0.00004820	0.00002222	0.03938946	-0.05017261
0.00022663	0.00004012	0.02238386	-0.07448088
0.00022067	0.00022228	0.02426407	-0.04588355
0.00005267	-0.00008918	0.05275842	-0.05180691
-0.00006470	-0.00000277	0.03340383	-0.05268469
0.00011976	-0.00017997	0.04256029	-0.05990454
0.00005346	-0.00016537	0.02806235	-0.07207260
-0.00005285	0.00032933	0.02265989	-0.05243765
-0.00007464	0.00007405	0.02589420	-0.04690578
0.00007870	-0.00007698	0.02387584	-0.07809838
0.00008410	0.00003351	0.03551942	-0.05975416
0.00015832	0.00002326	0.02954189	-0.05014234
0.00010440	-0.00021173	0.03704521	-0.04574070
0.00013400	-0.00006761	0.02606457	-0.05628492
-0.00014916	0.00000247	0.03546425	-0.05021871
-0.00023145	-0.00024899	0.04112054	-0.05725690
0.00002996	-0.00017367	0.02710393	-0.04952105
0.00021073	-0.00017289	0.03911690	-0.06089702
-0.00007949	0.00007185	0.04277477	-0.04914702
0.00006538	-0.00025983	0.02654569	-0.06194628
-0.00005087	0.00002825	0.02824639	-0.05793741
-0.00021835	-0.00020606	0.02990013	-0.04631206
0.00004033	-0.00003040	0.02726367	-0.04457760
0.00007808	0.00000031	0.02046246	-0.05568417
-0.00024534	0.00002661	0.03445284	-0.07061073
0.00010094	-0.00008050	0.02543229	-0.04869487
-0.00024534	-0.00003290	0.02874482	-0.04564701
0.00016332	0.00000387	0.02586899	-0.04002522
0.00015593	-0.00000950	0.03543823	-0.06103911
-0.00009535	0.00003438	0.03846844	-0.05388777
-0.00007487	0.00018555	0.03353245	-0.06509800
0.00025993	0.00015048	0.01526924	-0.05071687
0.00003747	0.00005934	0.03811178	-0.05782523
0.00006713	0.00018164	0.01273965	-0.05625509
-0.00019817	0.00010653	0.01994448	-0.05463139
0.00044032	0.00017691	0.02910195	-0.05755332
-0.00018774	0.00000158	0.03223002	-0.06199121
-0.00017227	-0.00018058	0.02938584	-0.05571159
0.00006021	-0.00007735	0.02829769	-0.04938190
-0.00042264	-0.00009508	0.02798287	-0.04841886
-0.00003224	0.00007543	0.04674084	-0.04645777
0.00026962	-0.00001383	0.03073094	-0.04539958
0.00005326	0.00004267	0.02974713	-0.05415171
0.00015542	-0.00019119	0.03241391	-0.04558537
0.00007590	0.00016511	0.03632787	-0.03880189
-0.00011417	-0.00016898	0.02837052	-0.03532421
-0.00031258	0.00000508	0.03689457	-0.04445968
-0.00017391	-0.00028304	0.02246059	-0.04914226
-0.00016527	0.00013954	0.03012664	-0.05478792
0.00014818	-0.00008646	0.03587287	-0.04068214
-0.00025429	0.00010665	0.02468824	-0.05634692
0.00012755	-0.00006608	0.03710513	-0.05588838
0.00023168	0.00002762	0.03349383	-0.05464307
0.00007146	0.00010536	0.02732216	-0.05428073
-0.00028772	-0.00021711	0.01739530	-0.03971250
-0.00004460	0.00013073	0.02505818	-0.05398688
-0.00011297	0.00038544	0.02228878	-0.04489287
0.00003607	0.00027270	0.01785325	-0.05404678
0.00004008	-0.00019461	0.03951121	-0.04561816
0.00004814	0.00016196	0.02867991	-0.04094023
-0.00003925	0.00015780	0.02992947	-0.04529601
0.00007415	-0.00011202	0.02499542	-0.03970831
-0.00016119	0.00020215	0.03061331	-0.03837696
-0.00006326	-0.00012428	0.02494457	-0.04582508
-0.00003471	-0.00007002	0.03110188	-0.04432200
-0.00009245	-0.00002182	0.02867243	-0.04076137
-0.00003733	-0.00017076	0.03387110	-0.03625842
-0.00002071	0.00006394	0.01668129	-0.04478617
0.00004371	-0.00034453	0.03256975	-0.04638010
-0.00018246	-0.00003220	0.02088854	-0.04553929
0.00000954	-0.00010612	0.04087560	-0.04033254
-0.00036077	0.00005537	0.03877649	-0.04847369
-0.00008519	0.00003672	0.02815995	-0.03663504
0.00024880	-0.00000536	0.02217945	-0.05464173
0.00016285	0.00026670	0.02666566	-0.04338527
-0.00009452	0.00005144	0.02645794	-0.04792567
-0.00009897	0.00009062	0.02067186	-0.03942835
0.00013510	0.00001363	0.02605931	-0.03387666
-0.00013837	0.00006175	0.03220246	-0.05369205
-0.00012861	0.00018163	0.02790801	-0.04931412
0.00015105	0.00014691	0.02493887	-0.04465788
0.00017395	0.00022707	0.02950571	-0.04591682
0.00009514	0.00004436	0.02660134	-0.04869230
-0.00009364	0.00015959	0.02546418	-0.04725221
0.00028462	-0.00008753	0.02629749	-0.03998020
0.00017781	0.00010265	0.01846730	-0.04497862
0.00020995	0.00010819	0.03399056	-0.04873427
-0.00014921	0.00025190	0.02961369	-0.05908546
0.00009009	0.00016730	0.03214378	-0.04775156
0.00007812	0.00006937	0.01946193	-0.03779921
-0.00003409	-0.00029592	0.01922816	-0.05175400
0.00010235	-0.00002081	0.02624012	-0.05069381
-0.00013712	-0.00004694	0.02147562	-0.04611953
-0.00005881	0.00008253	0.03465492	-0.03610704
-0.00027266	0.00007787	0.01324025	-0.04879560
0.00000386	0.00006744	0.02303923	-0.04681452
-0.00010053	0.00016707	0.01595944	-0.05507291
0.00011842	-0.00019628	0.01789333	-0.04416781
-0.00019098	-0.00039167	0.01539230	-0.04363970
-0.00004581	-0.00016724	0.03179851	-0.05457865
0.00020740	0.00022009	0.02683771	-0.04799839
0.00021420	0.00016770	0.02759291	-0.03748155
-0.00021686	0.00028199	0.03851398	-0.03558585
-0.00007396	-0.00017161	0.03161610	-0.05872214
-0.00013521	-0.00026550	0.02235930	-0.04699747
0.00020081	-0.00013685	0.02521793	-0.04229857
-0.00001385	0.00003079	0.01701099	-0.03684394
-0.00031685	0.00007361	0.02599343	-0.03642649
0.00009656	-0.00022928	0.01739149	-0.04460788
0.00022319	-0.00002280	0.00854979	-0.04941803
0.00008751	-0.00016181	0.01275479	-0.03988638
0.00000766	-0.00004665	0.02184132	-0.04652039
-0.00000719	0.00019220	0.01702503	-0.04221711
0.00024047	-0.00009370	0.02311555	-0.03673323
-0.00019096	0.00037818	0.01271125	-0.03827628
0.00009825	0.00015081	0.01696174	-0.04815760
0.00001712	0.00003942	0.03626973	-0.04433981
-0.00038169	0.00009814	0.02279068	-0.03907195
0.00013693	0.00011122	0.02119309	-0.04800253
-0.00001487	-0.00008124	0.02396601	-0.03543247
-0.00013681	-0.00001312	0.00918460	-0.03248730
-0.00002528	-0.00004068	0.03002272	-0.03983870
-0.00031243	0.00001697	0.01717438	-0.04233806
0.00004585	0.00001431	0.02410916	-0.04412422
-0.00005462	0.00008642	0.02005033	-0.04298313
0.00007409	0.00020931	0.02590585	-0.04174128
-0.00004578	0.00007554	0.02334670	-0.03605322
-0.00038519	0.00023233	0.02261159	-0.03070221
-0.00006730	0.00008896	0.03071803	-0.04027381
-0.00037453	-0.00006357	0.01632931	-0.04199699
-0.00012021	0.00006988	0.01840845	-0.04343152
-0.00016411	-0.00000224	0.03381818	-0.03518477
0.00021097	-0.00001359	0.01215284	-0.03787844
0.00007317	-0.00013906	0.02432001	-0.03665139
-0.00027048	0.00019012	0.02433726	-0.03045830
0.00013769	0.00014927	0.01971439	-0.03579181
0.00019714	0.00002053	0.03257740	-0.04552804
-0.00018826	0.00009330	0.01551955	-0.05274784
-0.00008666	-0.00002005	0.02575884	-0.04321619
0.00004739	-0.00018020	0.02663481	-0.04487942
0.00024126	-0.00005438	0.02547014	-0.03949674
0.00030096	0.00000023	0.02330856	-0.04468849
0.00004644	0.00015904	0.02050973	-0.04405645
-0.00006710	0.00003232	0.01573522	-0.03695806
-0.00030292	-0.00001753	0.01710755	-0.02826104
0.00009525	0.00008432	0.00668701	-0.05915040
0.00001444	-0.00001183	0.01665172	-0.02802208
0.00011462	0.00018488	0.01430012	-0.04288508
-0.00018490	-0.00006128	0.01754796	-0.03379783
-0.00005202	0.00013067	0.02082737	-0.03929699
0.00017072	0.00037154	0.03446267	-0.03960120
0.00030389	-0.00023408	0.02631572	-0.02836003
0.00019925	-0.00020062	0.01754905	-0.02956117
0.00012221	0.00001861	0.02074155	-0.04109640
0.00028812	-0.00003683	0.02350490	-0.03827138
-0.00010420	0.00007846	0.02236777	-0.03340703
-0.00009685	0.00007199	0.01993787	-0.04539515
0.00019209	-0.00008948	0.02725551	-0.03444439
0.00012714	0.00033945	0.01530272	-0.03753276
-0.00005085	0.00017502	0.01657713	-0.03814873
-0.00024661	0.00000638	0.00410626	-0.04420021
-0.00005891	-0.00005968	0.02234823	-0.04774756
-0.00019682	-0.00022652	0.01504143	-0.03487433
-0.00006675	0.00018770	0.04074867	-0.03779924
-0.00010810	0.00005991	0.02974894	-0.03294330
0.00013825	0.00006090	0.02142736	-0.03300852
-0.00026657	0.00016848	0.01776476	-0.03592695
0.00035838	0.00024839	0.01869240	-0.03428244
0.00002266	0.00001291	0.01149444	-0.04200970
-0.00000807	0.00022674	0.01653249	-0.03301838
0.00002604	-0.00000561	0.00766697	-0.05039797
-0.00018726	0.00009791	0.02135605	-0.03611118
-0.00001681	-0.00012565	0.00926754	-0.03734453
0.00008569	0.00000018	0.02435875	-0.04464999
-0.00012110	0.00000037	0.00385169	-0.02874220
-0.00002076	-0.00031256	0.00960114	-0.01411990
0.00013553	-0.00005113	-0.00760167	-0.03180706
0.00019070	-0.00015575	0.01804191	-0.02522918
-0.00004523	-0.00007662	0.02169650	-0.04098144
-0.00011488	-0.00018150	0.02878663	-0.03013105
-0.00015060	0.00016848	0.01543284	-0.03732424
0.00005610	0.00016223	0.01780377	-0.03656702
-0.00020184	-0.00008907	0.01799111	-0.01391373
0.00020682	-0.00015305	0.00893600	-0.03007899
0.00015041	0.00032820	0.01850757	-0.04449250
-0.00008095	0.00005510	0.01345245	-0.04089498
0.00001362	0.00000172	0.02844175	-0.03383513
0.00001268	0.00001888	0.00885620	-0.03703337
-0.00000251	0.00001895	0.02558084	-0.03499139
0.00029059	-0.00022484	0.01658885	-0.04407003
0.00000310	0.00011954	0.02109435	-0.03867406
0.00003190	0.00000196	0.01433239	-0.04717196
0.00001823	-0.00001302	0.01050397	-0.03929083
-0.00006442	0.00042840	0.01422762	-0.03913384
0.00026885	-0.00015026	0.02211375	-0.02617154
0.00007028	-0.00012017	0.01747953	-0.03142114
-0.00028583	0.00012087	0.01749410	-0.03062249
-0.00016996	-0.00029618	0.01114028	-0.03538001
-0.00011165	0.00023803	0.02653074	-0.02731011
-0.00014911	0.00030766	0.02650787	-0.03812325
-0.00016823	0.00001274	0.02079403	-0.03569210
-0.00007262	0.00024208	0.00511077	-0.03505218
-0.00024209	0.00015266	0.01258062	-0.04031270
0.00017384	0.00000636	0.02582890	-0.02076529
-0.00008983	-0.00009472	0.02735511	-0.03408917
0.00011809	0.00020097	0.00836875	-0.03739152
-0.00011194	0.00001619	0.02498388	-0.03496823
-0.00021216	0.00000865	0.02803656	-0.04089932
0.00008596	-0.00007104	0.01272191	-0.04534264
-0.00010309	0.00026335	0.00864584	-0.03833471
-0.00001165	0.00010544	0.01671025	-0.05164791
-0.00012926	-0.00017972	0.02671021	-0.03544874
-0.00022869	0.00038258	0.02310702	-0.03962859
-0.00009786	-0.00017427	0.02193872	-0.04235822
-0.00010449	0.00011112	0.02445870	-0.03121068
-0.00003905	-0.00005996	0.03566444	-0.03702523
0.00002945	0.00018894	0.00918647	-0.03241512
0.00005417	-0.00005986	0.01990995	-0.02191794
-0.00006759	0.00029157	0.01033452	-0.03520062
0.00018045	-0.00014433	0.01724858	-0.04300534
-0.00008337	-0.00034288	0.01638531	-0.03146949
0.00001746	0.00003918	0.00998067	-0.04883273
0.00005040	-0.00004232	0.02275854	-0.03250426
-0.00012916	0.00027880	-0.00091162	-0.03798507
0.00002446	-0.00000057	0.00540793	-0.02680816
-0.00037557	-0.00010034	0.01062973	-0.03062387
-0.00022758	0.00007826	0.01374730	-0.03382279
-0.00012260	-0.00017973	0.02015019	-0.03805486
-0.00008529	0.00026460	0.01698386	-0.03388281
0.00006998	0.00022771	0.02159968	-0.03023089
-0.00009066	-0.00002416	0.01532438	-0.03458780
-0.00012402	0.00001293	0.00658941	-0.04976217
0.00050790	0.00020085	-0.00274379	-0.02727403
0.00002462	-0.00000052	0.02608077	-0.03459859
0.00031521	-0.00038583	0.01584018	-0.02533953
0.00014286	0.00011049	0.01631286	-0.03734323
0.00031374	0.00008516	0.00819437	-0.03855539
-0.00003400	0.00011734	0.01681295	-0.03819517
-0.00000721	-0.00001971	0.01339737	-0.03195160
-0.00001305	0.00004890	0.01642540	-0.03411044
0.00008929	0.00001435	0.02655630	-0.02547175
0.00003564	0.00021298	0.01773328	-0.02391211
0.00008381	0.00009903	0.01273854	-0.02461213
0.00017133	-0.00007860	0.01413403	-0.02688992
-0.00001296	0.00042816	0.01376959	-0.04093058
0.00025629	0.00044567	0.02377211	-0.02174802
-0.00004000	-0.00011610	0.01157151	-0.03723972
-0.00008379	0.00008258	0.01379661	-0.03498599
0.00007185	0.00020573	-0.00103286	-0.04379564
-0.00016389	-0.00007745	0.00829115	-0.02943338
0.00019067	0.00025928	0.01481412	-0.02458627
-0.00015174	0.00001376	0.01123784	-0.04737841
0.00015511	-0.00001290	0.01483531	-0.03667342
0.00009900	0.00024242	0.00062760	-0.03658213
0.00001404	-0.00009013	0.00581877	-0.03797391
-0.00004316	0.00011384	0.00557407	-0.03345526
0.00012435	0.00013076	0.01720572	-0.03780884
-0.00015316	-0.00002690	0.00928384	-0.03657682
0.00016282	0.00009598	0.01937600	-0.03121536
0.00027068	-0.00014340	0.01160168	-0.02570365
0.00011582	-0.00013282	0.00380951	-0.02239637
-0.00000153	-0.00002011	0.00730848	-0.03245777
0.00016903	0.00003788	0.01861006	-0.03756747
-0.00004138	0.00027514	0.00167477	-0.04291344
0.00038547	-0.00001132	0.01560152	-0.02375444
0.00048035	-0.00017381	0.01176522	-0.03403432
0.00011121	0.00013219	0.00881917	-0.02500267
0.00007436	-0.00008268	0.01294251	-0.03150342
-0.00007288	-0.00036342	0.00213209	-0.03549925
0.00023802	0.00009664	0.02718081	-0.02858389
0.00010402	-0.00019578	0.02181431	-0.02801182
0.00006985	-0.00009212	0.01442831	-0.02976176
0.00027712	0.00003334	0.00701304	-0.03798851
-0.00003225	0.00003884	0.00593935	-0.02692839
-0.00006482	-0.00007378	0.01655561	-0.04065323
-0.00005153	0.00046457	0.00076002	-0.03058663
-0.00013957	0.00006361	0.01331132	-0.02987370
-0.00001185	0.00001894	-0.00363547	-0.02236923
0.00017026	0.00011752	0.00705654	-0.03261335
0.00014750	0.00021688	0.00720528	-0.02240694
0.00001800	-0.00016049	0.00569087	-0.03048959
0.00002128	0.00006787	0.00304775	-0.02363147
0.00021039	0.00019223	0.00326502	-0.01042706
-0.00008932	-0.00010288	0.01934340	-0.01181366
0.00016117	-0.00006232	-0.00451850	-0.03032784
0.00010189	0.00021323	0.00946260	-0.03143437
-0.00019407	-0.00006448	0.02504171	-0.03150518
-0.00005900	0.00000786	-0.00083460	-0.03155751
-0.00000548	-0.00004966	0.00283767	-0.02495967
-0.00005889	-0.00007271	0.01336088	-0.02925350
0.00041526	-0.00020446	0.00229192	-0.02276436
0.00004237	0.00001545	-0.00018862	-0.03178539
-0.00008832	-0.00011152	0.00435128	-0.02717038
0.00007091	0.00013949	0.00915550	-0.03706285
-0.00018244	-0.00008560	0.00809282	-0.02592111
-0.00015467	0.00002444	0.00415845	-0.02839618
-0.00005824	-0.00006717	-0.00117355	-0.03349819
0.00009632	0.00021453	0.01432496	-0.03179418
-0.00007922	0.00021062	0.00862558	-0.02959776
0.00031125	0.00012818	-0.00646603	-0.03455956
0.00019199	-0.00016510	0.01181358	-0.02730172
-0.00002463	-0.00017477	-0.00045829	-0.02931020
0.00008191	0.00032244	0.02545115	-0.02744974
0.00019286	0.00002581	0.01385839	-0.00946026
0.00002882	0.00003801	0.01457662	-0.02490214
0.00016126	-0.00016292	0.00939697	-0.02820569
0.00020792	-0.00003420	0.00440977	-0.02085010
0.00015311	-0.00033248	0.01651749	-0.02394588
0.00006606	0.00002282	0.00361302	-0.02746338
0.00010730	0.00035139	-0.00217728	-0.01986352
0.00022125	0.00005990	0.00339246	-0.02919402
0.00015589	0.00017456	-0.00711929	-0.03363586
0.00012683	-0.00039597	0.01670357	-0.02684792
-0.00008002	-0.00014442	0.00364975	-0.03885585
-0.00021674	0.00018942	0.00285057	-0.03473481
0.00012824	0.00001677	-0.00112069	-0.01074499
-0.00009615	-0.00011501	0.00690273	-0.01503634
-0.00013824	-0.00020242	0.00063019	-0.03768173
0.00008608	-0.00021631	0.01542743	-0.01890937
0.00000668	0.00021435	-0.00034389	-0.02842900
0.00008446	0.00004450	-0.00193814	-0.02992185
-0.00005247	0.00000814	0.00618726	-0.02570022
-0.00004406	-0.00014330	0.00863758	-0.02197743
-0.00005884	0.00009974	0.00891183	-0.02114670
0.00011652	-0.00005646	0.00010839	-0.02325662
0.00007285	0.00010983	0.00349725	-0.01593080
0.00004299	-0.00024743	0.00498054	-0.02619390
-0.00012058	0.00001521	0.00603605	-0.01951496
-0.00011156	0.00017051	0.00707248	-0.01618348
-0.00009682	0.00002695	0.00631968	-0.02996375
0.00018594	0.00003127	0.01167345	-0.01593002
0.00018951	-0.00010282	0.01539316	-0.01723257
0.00005429	-0.00014466	0.01540696	-0.01831374
0.00011963	-0.00014895	0.01481483	-0.02497127
0.00021734	0.00026014	0.00709670	-0.02585515
-0.00005566	0.00024146	0.01112806	-0.03595848
0.00000115	-0.00018566	0.01947184	-0.02888121
0.00001222	-0.00001578	-0.00116730	-0.02698823
0.00001728	0.00006290	0.00821559	-0.01572173
0.00017318	0.00014986	-0.00292547	-0.02033310
-0.00022044	-0.00016602	0.00629448	-0.02145601
0.00009740	0.00020922	0.00456499	-0.02562295
-0.00004964	-0.00012507	0.00537417	-0.01737083
0.00048749	-0.00007722	0.01302862	-0.01776914
-0.00009960	-0.00012164	0.00022861	-0.03127662
0.00004821	-0.00024019	0.00329037	-0.01324593
-0.00008344	0.00021183	0.01703782	-0.02808944
0.00031769	-0.00005921	-0.00121848	-0.01442509
0.00002001	-0.00019384	0.01317935	-0.01913727
0.00013669	0.00002476	0.00836981	-0.02697347
-0.00009270	0.00008861	0.01307164	-0.03527602
0.00001435	-0.00004695	0.00376699	-0.01221094
0.00001677	0.00017200	0.00354084	-0.01904863
-0.00015627	0.00036392	0.00259280	-0.00480674
-0.00004223	0.00010082	0.00181528	-0.02580219
0.00004710	0.00004213	0.00213191	-0.01185473
0.00026236	-0.00005395	0.00038010	-0.02088981
0.00019564	0.00008875	-0.00326557	-0.01630473
0.00008340	-0.00006576	-0.00745299	-0.01842132
0.00036158	-0.00017018	0.00756416	-0.01053836
0.00009728	-0.00010708	-0.00000380	-0.01374391
-0.00002067	-0.00005506	0.01717068	-0.02117544
0.00012908	0.00004700	0.00524778	-0.02031492
-0.00002526	-0.00014246	0.00447060	-0.02219617
0.00003786	-0.00003517	0.00344930	-0.01813763
0.00016833	-0.00003015	0.01054625	-0.01531893
0.00003023	0.00010911	0.01623637	-0.02124583
-0.00008521	0.00012177	0.01399324	-0.02249181
0.00014814	-0.00006921	0.00908613	-0.01718906
0.00021093	-0.00003335	-0.00236605	-0.02059388
-0.00011184	0.00009077	0.00521645	-0.00626674
-0.00032818	-0.00032447	0.01006045	-0.02120974
0.00039087	0.00000827	0.00726726	-0.00693603
0.00006848	0.00001274	0.00056332	-0.01464002
-0.00006155	0.00010100	0.00837519	-0.01134934
0.00004786	0.00005160	0.01631477	-0.01930994
-0.00007856	0.00006173	0.01279559	-0.02402135
0.00004921	-0.00011697	0.00213483	-0.01183634
0.00005815	-0.00004013	-0.01392998	-0.01681305
0.00023121	0.00001980	0.00427922	-0.01238539
-0.00008376	0.00002502	0.00431799	-0.00915252
-0.00003506	0.00022057	0.00621998	-0.01782590
-0.00005347	0.00039696	0.00310264	-0.02352090
0.00011964	0.00004531	0.00187575	-0.01222167
-0.00006121	0.00004085	0.01289271	-0.02633174
-0.00003569	-0.00008331	0.00741670	-0.02519086
-0.00017256	-0.00001729	0.00606883	-0.02598762
-0.00032811	0.00028388	0.00879280	-0.01454044
0.00009676	0.00002742	0.00856795	-0.01636182
0.00003376	-0.00006579	0.01732591	-0.01365191
0.00013479	-0.00009122	0.00673039	-0.01662095
-0.00003353	0.00002366	0.00776847	-0.01836858
0.00033968	-0.00019925	-0.00453915	-0.01057355
-0.00001653	-0.00013430	0.00364115	-0.02420859
-0.00005564	-0.00003953	0.00621413	-0.01972502
0.00016579	-0.00015973	0.00413613	-0.01626636
-0.00008577	-0.00004305	0.00400160	-0.01411512
0.00031821	-0.00011996	0.02261342	-0.00959851
-0.00000484	-0.00020149	-0.00227494	-0.00567729
0.00008924	-0.00005004	0.00681170	-0.01606995
0.00025316	-0.00006879	-0.00442730	-0.00786568
0.00023947	0.00040698	0.00140758	-0.02220500
0.00001244	0.00009162	0.00419279	-0.01046209
0.00017260	-0.00000954	0.00076648	-0.00824040
-0.00013317	0.00031417	0.00593124	-0.01133562
-0.00007738	0.00003349	0.00664831	-0.01745901
0.00030976	-0.00029177	0.00855457	-0.01308028
0.00004360	-0.00022913	-0.00559623	-0.01188082
0.00000233	0.00008038	-0.00220131	-0.00732529
0.00000494	0.00002722	0.00676668	-0.01203356
-0.00012269	-0.00002284	0.00673301	-0.00844008
0.00011592	0.00002997	-0.00315138	-0.00739604
-0.00021402	0.00006166	-0.01435748	-0.02954146
0.00017121	-0.00037218	0.00027533	-0.00858463
-0.00049595	-0.00005085	0.00980339	-0.01213665
0.00027838	-0.00003319	0.01442941	-0.01461655
-0.00009577	-0.00022802	0.01276212	-0.00803052
-0.00004102	-0.00020894	0.01534161	-0.01797004
0.00013393	-0.00018066	-0.00016137	-0.00505818
0.00040622	-0.00018475	0.00386709	-0.00976373
-0.00010556	-0.00034266	0.00400496	-0.00677407
0.00000811	-0.00000057	0.00223766	-0.00135569
-0.00016889	0.00002541	0.00060504	-0.02096494
0.00040302	0.00008563	-0.00106808	-0.01308292
-0.00002485	-0.00024102	0.00288509	-0.00275669
-0.00013128	0.00002776	0.01034894	-0.00694085
-0.00038107	-0.00019959	-0.01579082	-0.00673923
0.00006561	-0.00007858	0.01742589	-0.01993665
0.00044358	-0.00011119	-0.00394940	-0.02395401
0.00014124	-0.00016823	0.01021942	-0.01277807
0.00006792	-0.00012915	-0.00402994	-0.00211025
-0.00010037	0.00002491	0.00683905	-0.01497440
-0.00011212	0.00013948	-0.00258226	0.00170131
-0.00005859	-0.00007927	0.00350774	-0.01059118
-0.00012821	0.00019668	0.00214257	-0.00673335
-0.00000735	0.00001205	-0.00496425	-0.01837407
0.00008356	-0.00010202	0.00367740	-0.01192176
0.00029016	-0.00015765	0.00888357	-0.02007788
0.00024491	0.00012319	-0.00408393	-0.01197583
0.00039910	0.00012251	-0.00110420	-0.00538083
0.00000950	0.00001381	0.00981378	-0.00809989
-0.00000663	-0.00029447	0.01622624	-0.01585894
0.00022448	0.00007584	-0.00285367	-0.00720367
-0.00034647	0.00002382	0.00096794	-0.00744428
-0.00015892	-0.00035474	0.00365088	-0.00735912
0.00009401	0.00012416	0.00021361	-0.01216841
-0.00001193	0.00018476	0.00061149	-0.00757169
0.00008952	0.00026298	-0.00003711	-0.01034881
-0.00014086	0.00030808	0.01019852	-0.00850799
0.00024817	-0.00004414	-0.00061432	-0.01116064
-0.00004820	-0.00001509	-0.00314030	-0.00973461
0.00010687	0.00010920	0.00129326	-0.00148982
-0.00013376	0.00006234	0.00238886	0.00409531
0.00006091	-0.00011001	-0.00480619	0.00519119
0.00019234	-0.00005965	0.00736348	-0.01626235
-0.00023791	0.00011532	0.00230925	-0.01542914
-0.00009833	0.00003654	-0.01007569	-0.01178537
0.00006369	0.00004828	0.00282707	0.00031750
0.00005150	-0.00022272	0.01249993	-0.00279693
0.00007360	0.00003854	0.00201830	-0.00218887
0.00004565	-0.00002382	0.00253242	-0.00669261
0.00012839	-0.00009195	0.01143841	-0.01445312
-0.00004393	-0.00024055	-0.00479761	0.00353011
-0.00013535	0.00021318	-0.01077057	-0.00915830
-0.00016362	-0.00004474	0.00828828	-0.00763255
0.00009740	-0.00007504	0.00843594	-0.00875184
-0.00002322	0.00015793	-0.00497019	-0.01540598
0.00011157	-0.00008301	0.00329032	0.00014947
0.00020398	0.00005925	-0.00221978	-0.00470094
-0.00002333	0.00000548	-0.00061047	-0.00946700
0.00003615	0.00010596	-0.00149676	-0.01178628
-0.00015383	0.00018892	-0.00343905	0.00047743
0.00019823	-0.00006593	0.01733265	-0.00635777
0.00018623	-0.00007371	0.00512058	-0.00738084
0.00002558	0.00000572	0.00848211	-0.00170974
-0.00001899	-0.00009616	0.00257254	0.00206689
0.00037271	0.00017883	-0.00105629	-0.02110930
0.00017136	0.00010130	-0.00245591	-0.00020259
0.00069801	0.00011828	0.00248381	-0.01078478
-0.00007740	-0.00023384	0.01680087	0.00210922
-0.00025002	0.00000142	-0.00195794	0.00296508
0.00005963	-0.00007457	0.02427692	-0.00940497
0.00032993	0.00003898	-0.00086151	-0.01601243
0.00014289	-0.00011499	0.00595972	-0.01121286
0.00011371	-0.00001696	0.00833267	-0.00250564
-0.00000148	-0.00022569	0.00195005	-0.00280692
0.00004009	-0.00015811	0.00618474	-0.00263752
0.00005962	0.00014620	-0.00606017	-0.00657267
0.00022295	-0.00005973	-0.00407934	-0.00381680
-0.00005541	-0.00013201	-0.00442187	-0.00167597
-0.00003331	0.00011762	0.00338087	0.00002555
0.00017383	0.00008434	0.01688049	-0.00313833
-0.00014563	0.00002923	0.00162592	-0.01061541
-0.00018720	-0.00012300	0.00973575	-0.00446677
0.00000416	-0.00018634	0.00415690	-0.00675423
-0.00005891	-0.00015677	-0.00846936	-0.00803210
0.00007111	0.00002061	-0.00791532	-0.00914980
0.00011486	-0.00020583	0.00925459	-0.01203505
-0.00016194	-0.00009441	0.00212337	-0.00558832
0.00007696	-0.00025485	-0.00285638	-0.01668485
0.00041272	-0.00013154	-0.00114701	-0.00858306
-0.00004417	0.00014160	0.00871886	-0.00981210
-0.00017109	0.00006102	0.01324462	-0.00378191
0.00013613	-0.00012440	0.00989674	-0.00384278
0.00006210	-0.00012116	0.00326614	-0.01056590
0.00009287	0.00008154	0.00231020	-0.00674668
-0.00016998	0.00034509	-0.00787923	-0.00796104
-0.00006120	0.00004304	0.00375446	-0.01741125
0.00003849	-0.00006569	-0.00752736	-0.00360520
0.00009312	0.00015293	-0.01173551	-0.01353100
-0.00004068	0.00022155	-0.01125538	-0.01642024
-0.00006701	0.00003589	0.00543274	-0.01605216
0.00023855	-0.00005193	-0.00583450	0.00404616
0.00008884	-0.00007281	-0.00259014	-0.00282260
-0.00014557	-0.00009062	-0.01114834	-0.00243640
0.00021753	-0.00017631	0.01386143	-0.00100446
0.00030594	-0.00008159	0.00511459	-0.00463498
0.00003573	-0.00010537	0.00545391	-0.00252341
0.00005805	0.00003499	0.00040618	-0.00728497
-0.00006353	-0.00003186	0.00590106	0.00382113
0.00002217	0.00002467	-0.00997824	0.00370014
0.00025858	-0.00005502	-0.00544333	0.00212061
-0.00022444	-0.00000158	0.00141616	-0.02153358
-0.00011154	-0.00017415	-0.00184489	-0.00027598
-0.00014380	0.00003271	-0.00733539	-0.00435262
0.00020112	-0.00014044	0.00815094	0.00635303
-0.00017298	0.00000986	-0.01173128	0.00652637
-0.00021082	0.00003044	-0.00437328	0.00516928
0.00004985	0.00001045	-0.00485110	-0.00116540
-0.00019712	-0.00016275	-0.00623728	-0.01373413
-0.00000522	-0.00001298	-0.00005747	-0.00347278
0.00006204	-0.00000200	0.00644478	-0.02099988
-0.00014888	-0.00010123	-0.00350984	-0.00306936
-0.00031374	0.00007091	-0.00703614	-0.00839767
-0.00026010	-0.00007438	0.00134866	0.00536892
