jMRUI Data Textfile

Filename: /Users/Georg/Documents/MATLAB/osprey/exampledata/sdat/UnEdited/derivatives/jMRUIFiles/mrs_sub-02_ses-01_press-ref_sub-02_PRESS_35_ref_jMRUI_REF.TXT

PointsInDataset: 2048
DatasetsInFile: 1
SamplingInterval: 5.000000E-01
ZeroOrderPhase: 0E+00
BeginTime: 0E+00
TransmitterFrequency: 1.277507E+08
MagneticField: 3.000462E+00
TypeOfNucleus: 0E+00
NameOfPatient: No Name
DateOfExperiment: 
Spectrometer: TrioTim
AdditionalInfo: jnear


Signal and FFT
sig(real)	sig(imag)	fft(real)	fft(imag)
Signal 1 out of 1 in file
7.99772222	-0.00000000	0.18218825	0.01074434
14.72164603	-0.00564568	0.19426373	0.02131904
13.83311140	-0.01060987	0.19642698	0.03117934
13.69150792	-0.01575189	0.22565032	0.03016218
13.58243707	-0.02083521	0.23660231	0.07135728
13.49028650	-0.02586733	0.20954975	0.08721556
13.38416263	-0.03079663	0.18879115	0.10931495
13.27091647	-0.03562541	0.19808341	0.08012675
13.14869464	-0.04033982	0.22264527	0.10944976
13.03737314	-0.04499811	0.21823143	0.12339692
12.93255646	-0.04959598	0.22351312	0.17645596
12.83517728	-0.05414484	0.21399414	0.14138071
12.73104914	-0.05858797	0.22288218	0.17834755
12.61744414	-0.06290400	0.21474517	0.19497719
12.48944806	-0.06705565	0.21491774	0.21715004
12.37632189	-0.07119469	0.21973288	0.17760975
12.26579041	-0.07526289	0.19746334	0.23070004
12.16725842	-0.07932457	0.22582346	0.23897913
12.06495903	-0.08328469	0.22596430	0.25908907
11.95140021	-0.08708433	0.20258561	0.26614712
11.82785909	-0.09072032	0.23645548	0.29606643
11.70702338	-0.09428337	0.22419123	0.30627836
11.58775841	-0.09776701	0.24220245	0.29150270
11.47838566	-0.10124646	0.24028541	0.33340444
11.36861685	-0.10463839	0.22246159	0.32566899
11.24994646	-0.10786082	0.24724081	0.33432000
11.12808992	-0.11096047	0.25559360	0.37584784
11.01262365	-0.11403286	0.23663854	0.36119148
10.90768477	-0.11712975	0.20810693	0.36247097
10.80323160	-0.12015159	0.24423318	0.39568258
10.68794341	-0.12296867	0.24518331	0.43732933
10.56504088	-0.12560683	0.23150788	0.42426090
10.44417595	-0.12817576	0.24763817	0.44071590
10.33475581	-0.13079685	0.23277597	0.46622144
10.22748954	-0.13336212	0.24364432	0.46875596
10.11413343	-0.13576341	0.24324057	0.48913066
10.00160122	-0.13808915	0.21914889	0.47333728
9.89240013	-0.14037587	0.23979247	0.49975749
9.77761437	-0.14249748	0.24239384	0.52160747
9.66645074	-0.14458524	0.24556496	0.52273778
9.55325189	-0.14655654	0.24463644	0.52089659
9.45421763	-0.14866378	0.24896800	0.56767577
9.34610548	-0.15054885	0.24785975	0.52443535
9.22951892	-0.15221127	0.25756572	0.54591201
9.11309486	-0.15378703	0.22472170	0.58348597
9.00961772	-0.15549697	0.22948049	0.59836046
8.90998564	-0.15719539	0.22220369	0.58087504
8.80399801	-0.15870286	0.21330828	0.62507505
8.69614779	-0.16009477	0.23400007	0.64796969
8.58544753	-0.16135041	0.22050082	0.63795989
8.46881116	-0.16240732	0.20630464	0.67576572
8.36487362	-0.16362320	0.20928563	0.70369941
8.27046991	-0.16494951	0.23793578	0.71441475
8.17250133	-0.16613097	0.23913194	0.71757837
8.07417691	-0.16722994	0.24814900	0.73778065
7.97500355	-0.16823560	0.22186014	0.77400078
7.86650838	-0.16896499	0.24770985	0.78120494
7.76363532	-0.16973410	0.25502342	0.79191341
7.67168933	-0.17066739	0.26249094	0.76003759
7.57659507	-0.17145894	0.22923484	0.80185470
7.48065738	-0.17215815	0.25365444	0.79545934
7.37779647	-0.17262181	0.24991164	0.83055966
7.28430632	-0.17322943	0.27022995	0.82569507
7.19268555	-0.17381052	0.25490236	0.85290127
7.10571951	-0.17443562	0.24811478	0.85972524
7.01837803	-0.17498467	0.25739635	0.87010193
6.93158783	-0.17548070	0.25812423	0.87641509
6.83747852	-0.17572206	0.26272285	0.87510692
6.73915231	-0.17578126	0.26091629	0.89542156
6.65447142	-0.17612620	0.25149722	0.91774536
6.56803815	-0.17635914	0.24656568	0.92832720
6.48206359	-0.17653829	0.25931393	0.95109877
6.39405348	-0.17659527	0.27216164	0.95227475
6.30552934	-0.17657037	0.26115447	0.96015628
6.22787999	-0.17678625	0.25556192	0.98685968
6.14971972	-0.17692789	0.26407165	0.98493665
6.07238946	-0.17703378	0.27251788	1.00281539
5.99607606	-0.17711039	0.24960453	1.02599780
5.91533160	-0.17699589	0.26526810	1.03359238
5.83159097	-0.17672866	0.28748277	1.06078995
5.74993970	-0.17646131	0.26261090	1.06437274
5.67512619	-0.17634380	0.26085264	1.04783268
5.60441709	-0.17629801	0.23544755	1.05762211
5.53679543	-0.17629630	0.25640797	1.07942742
5.46806043	-0.17620685	0.26024036	1.08380240
5.39367869	-0.17588054	0.28957389	1.10784678
5.31953150	-0.17550491	0.26361756	1.11922370
5.25797846	-0.17549275	0.29144060	1.14081792
5.18627357	-0.17509064	0.27319699	1.14340430
5.11439286	-0.17462753	0.28999968	1.15193789
5.03852024	-0.17397143	0.24915536	1.17237742
4.97200399	-0.17358378	0.26374688	1.19290600
4.90713684	-0.17320331	0.27938754	1.19876731
4.84318700	-0.17280580	0.25071230	1.22037307
4.78647803	-0.17262037	0.25258785	1.22765134
4.72139371	-0.17208617	0.23843137	1.26255927
4.66016419	-0.17164401	0.22489881	1.25329397
4.59676942	-0.17107430	0.25185714	1.28078348
4.53569861	-0.17054333	0.24444345	1.31019414
4.47458835	-0.16996400	0.28823391	1.34014798
4.41817023	-0.16951782	0.28972060	1.33740415
4.36199151	-0.16903762	0.26911968	1.33457840
4.29998776	-0.16828636	0.29073010	1.34621465
4.23996375	-0.16756575	0.28402416	1.36189538
4.18787975	-0.16711592	0.26913508	1.38493246
4.13678817	-0.16666612	0.25243675	1.37077880
4.08404828	-0.16611007	0.27964941	1.37592760
4.02849494	-0.16539805	0.27071998	1.39297127
3.97184916	-0.16459812	0.27582668	1.40057182
3.91437929	-0.16372025	0.26832064	1.41268651
3.86224200	-0.16302335	0.27778513	1.42672790
3.81128958	-0.16233691	0.27213279	1.44943404
3.76289359	-0.16172124	0.29001415	1.44625065
3.71470499	-0.16107742	0.27453512	1.47736387
3.66402435	-0.16028761	0.28646313	1.47801345
3.61599001	-0.15957567	0.29770357	1.51749084
3.56633481	-0.15875472	0.27330274	1.54151008
3.52129851	-0.15810304	0.25756458	1.55137180
3.47609671	-0.15740930	0.27190125	1.54284698
3.42902104	-0.15659528	0.26807596	1.57527269
3.38304002	-0.15579555	0.25835957	1.59338833
3.33635515	-0.15492783	0.23471152	1.59928808
3.29447718	-0.15424934	0.24717549	1.63739645
3.25495692	-0.15365000	0.29958334	1.63939040
3.21180842	-0.15284765	0.28138314	1.67488571
3.17072348	-0.15211119	0.27942635	1.67280197
3.12288490	-0.15101658	0.30551156	1.67363115
3.08016879	-0.15013493	0.30573466	1.68487700
3.04128107	-0.14940856	0.29260988	1.72253101
3.00449182	-0.14875623	0.32590640	1.73541266
2.96271243	-0.14782667	0.29599665	1.71339539
2.92003034	-0.14681964	0.29990690	1.71145815
2.88153489	-0.14599196	0.29875549	1.73601761
2.84378495	-0.14517277	0.31663012	1.75740871
2.80362452	-0.14420061	0.32650264	1.77339206
2.76856041	-0.14346170	0.31650750	1.74947698
2.73318998	-0.14267987	0.30761067	1.78740711
2.69518103	-0.14173212	0.31028702	1.79009431
2.65358263	-0.14056505	0.30858038	1.79911738
2.61951226	-0.13976769	0.31401852	1.83347712
2.58797017	-0.13908004	0.26828922	1.82643024
2.55326560	-0.13819699	0.28323221	1.87136773
2.52288264	-0.13752287	0.29045143	1.86588247
2.48495790	-0.13641140	0.28023280	1.88404705
2.44957930	-0.13541155	0.30556455	1.89455694
2.41619667	-0.13449563	0.29659354	1.89912486
2.38291088	-0.13355949	0.29874802	1.91951091
2.35154528	-0.13270614	0.29735742	1.93828917
2.31899090	-0.13176115	0.31638439	1.96179977
2.28936928	-0.13095892	0.30461188	1.96200698
2.25814676	-0.13004173	0.31164720	1.99517209
2.22632606	-0.12906589	0.30712482	1.99849017
2.19672645	-0.12819520	0.29329110	2.00720670
2.16746306	-0.12732153	0.29911625	2.01274225
2.13669877	-0.12633663	0.31926728	2.06498893
2.10638221	-0.12535473	0.29970635	2.05225596
2.07673166	-0.12438943	0.31124122	2.07920687
2.04534096	-0.12329644	0.30531141	2.06450898
2.01742002	-0.12238982	0.34246423	2.10714176
1.99092540	-0.12154882	0.31520800	2.10656417
1.96320921	-0.12061241	0.32538149	2.12846559
1.93474642	-0.11960855	0.27990425	2.13249518
1.90884582	-0.11874219	0.30890571	2.12692730
1.88211825	-0.11780416	0.29418804	2.18409785
1.85566954	-0.11686315	0.30428362	2.19025438
1.82981858	-0.11593968	0.31524165	2.22283531
1.80373821	-0.11498171	0.31521820	2.24166328
1.77634793	-0.11391968	0.33499647	2.23547008
1.74931807	-0.11285985	0.32920117	2.25088824
1.72600991	-0.11202078	0.34325142	2.23666829
1.70572413	-0.11136111	0.36819692	2.28646075
1.68417833	-0.11060310	0.35713560	2.28694315
1.65768009	-0.10950138	0.34469221	2.30288227
1.63330494	-0.10852034	0.35702485	2.29037192
1.60575002	-0.10730807	0.37042406	2.28192011
1.58172508	-0.10631185	0.34848789	2.29105721
1.56119095	-0.10553313	0.36230532	2.30495213
1.53940740	-0.10465368	0.36311461	2.32785090
1.51749456	-0.10374863	0.33203604	2.32316760
1.49295523	-0.10264615	0.34378998	2.36314385
1.47165216	-0.10174854	0.28994019	2.37002876
1.45146380	-0.10091204	0.32784646	2.39554628
1.43317503	-0.10019281	0.31169286	2.42854677
1.41385013	-0.09938669	0.32587019	2.44536511
1.39332317	-0.09848073	0.32494951	2.44058574
1.36845944	-0.09725078	0.35558872	2.47702019
1.34556283	-0.09614225	0.35341338	2.46383788
1.32529213	-0.09520474	0.36219706	2.48880036
1.30792023	-0.09446098	0.38081063	2.50117706
1.29067933	-0.09371337	0.37506994	2.51681896
1.27234356	-0.09287257	0.36566775	2.53071624
1.25317492	-0.09195655	0.36523263	2.56440616
1.23180538	-0.09086342	0.36401170	2.53550921
1.21400179	-0.09001826	0.36654605	2.55514650
1.19699326	-0.08921866	0.38216248	2.59077764
1.17813952	-0.08826772	0.36906441	2.60029848
1.16031181	-0.08737953	0.36785823	2.60805454
1.14123816	-0.08638330	0.37263894	2.62798952
1.12311341	-0.08544458	0.37780888	2.63860438
1.10607860	-0.08457524	0.36425901	2.64460970
1.09015661	-0.08377831	0.38595344	2.66290512
1.07451676	-0.08299091	0.38839251	2.66260741
1.05712357	-0.08205537	0.37478461	2.68156606
1.04154706	-0.08124815	0.37370826	2.68518134
1.02439432	-0.08030536	0.37747906	2.71545335
1.00730239	-0.07935416	0.37271868	2.70202122
0.99149831	-0.07849173	0.36554259	2.72540264
0.97631055	-0.07766617	0.35589676	2.74100668
0.96149402	-0.07685858	0.36355257	2.76195151
0.94619661	-0.07600094	0.38400320	2.79661988
0.93229665	-0.07524431	0.36126146	2.78550628
0.91896150	-0.07452277	0.34395622	2.82643573
0.90438383	-0.07368972	0.34786902	2.81808944
0.89013906	-0.07287269	0.37189741	2.82301054
0.87317461	-0.07182098	0.37944968	2.87106489
0.85756728	-0.07086835	0.35762676	2.89917373
0.84421225	-0.07009068	0.39638527	2.94107283
0.83299795	-0.06948127	0.42571296	2.93058773
0.81983197	-0.06869968	0.42766279	2.93967710
0.80694730	-0.06793163	0.42377627	2.93795558
0.79180349	-0.06696258	0.40773531	2.96301181
0.77816119	-0.06610942	0.40758055	2.94633587
0.76512903	-0.06529781	0.40592988	2.94497115
0.75329330	-0.06457872	0.41879963	2.97483153
0.74364920	-0.06403924	0.41201237	2.98519164
0.73158606	-0.06328307	0.40055376	3.00705257
0.71720164	-0.06231592	0.43272581	2.99749022
0.70522350	-0.06154766	0.44640003	3.03001754
0.69402936	-0.06083890	0.41169088	3.05165078
0.68339108	-0.06017044	0.43724144	3.07143405
0.67251434	-0.05947270	0.42261675	3.08379434
0.66140490	-0.05874589	0.44047959	3.09344265
0.64925042	-0.05791729	0.42558400	3.10853848
0.63778768	-0.05714128	0.43976666	3.10961293
0.62650679	-0.05637279	0.42431592	3.15120674
0.61637775	-0.05569969	0.41453179	3.16397834
0.60749754	-0.05513210	0.43085761	3.14484863
0.59924161	-0.05461456	0.40403102	3.19424330
0.58798309	-0.05381583	0.41639473	3.18435271
0.57799587	-0.05312526	0.45587795	3.21197923
0.56687394	-0.05232225	0.42615537	3.23545179
0.55883810	-0.05179669	0.43897011	3.22568104
0.55077860	-0.05126273	0.43576323	3.23532928
0.54032169	-0.05049848	0.41428801	3.24490617
0.53058142	-0.04979342	0.44493682	3.25106267
0.51937944	-0.04894309	0.45440821	3.26003605
0.51113494	-0.04836394	0.44060418	3.27039420
0.50369267	-0.04785465	0.45260090	3.30662778
0.49615578	-0.04733059	0.44369311	3.31360439
0.48751658	-0.04669512	0.42817031	3.30323797
0.47751753	-0.04592221	0.44638829	3.35042737
0.46849958	-0.04523630	0.44739644	3.36248312
0.45961863	-0.04455670	0.45499267	3.36962973
0.45184462	-0.04397799	0.43913390	3.40423057
0.44426302	-0.04341206	0.43945734	3.42792715
0.43610206	-0.04278345	0.44829812	3.43215011
0.42893773	-0.04224668	0.44883749	3.44305919
0.42121926	-0.04164958	0.43726734	3.43680784
0.41506037	-0.04120134	0.45088380	3.45576264
0.40860620	-0.04071891	0.46896667	3.48560180
0.40171800	-0.04018807	0.44306666	3.48620627
0.39406006	-0.03957460	0.44708400	3.51220111
0.38511514	-0.03882547	0.42976844	3.51843487
0.37690468	-0.03814375	0.44232862	3.52449637
0.37130264	-0.03772066	0.46424334	3.56887572
0.36568574	-0.03729173	0.44791177	3.55460544
0.35876006	-0.03672449	0.45006325	3.57890534
0.35231396	-0.03620116	0.43435699	3.60714806
0.34471180	-0.03555362	0.46494658	3.62034732
0.33974891	-0.03517343	0.44620090	3.64610859
0.33372433	-0.03467908	0.45343404	3.64041112
0.32826758	-0.03423929	0.48693607	3.65975642
0.32251998	-0.03376483	0.46986427	3.70066326
0.31563642	-0.03316657	0.49186886	3.68978245
0.30798176	-0.03248164	0.49082007	3.71051872
0.30328327	-0.03210372	0.46583332	3.74027547
0.29813450	-0.03167432	0.49532604	3.74507285
0.29393017	-0.03134164	0.50813773	3.75865653
0.28777674	-0.03079713	0.50656211	3.73905898
0.28227916	-0.03031829	0.50032605	3.79642069
0.27584993	-0.02973476	0.48281208	3.77651613
0.26976629	-0.02918365	0.45010297	3.82485440
0.26635909	-0.02891840	0.48302218	3.82084061
0.26152114	-0.02849463	0.45659525	3.83237783
0.25710799	-0.02811356	0.49878593	3.83751178
0.25108335	-0.02755224	0.50309234	3.84911812
0.24631459	-0.02712455	0.49322067	3.86516077
0.24245179	-0.02679328	0.51891836	3.90854870
0.23833457	-0.02643081	0.49915914	3.91111566
0.23401247	-0.02604234	0.50391648	3.93380659
0.23021850	-0.02570951	0.48015005	3.91316281
0.22526851	-0.02524420	0.49503061	3.94197684
0.21949378	-0.02468230	0.49832419	3.93909864
0.21583661	-0.02435487	0.48366544	3.98243451
0.21189589	-0.02399250	0.49985387	4.00416987
0.20924327	-0.02377343	0.49033189	3.98481399
0.20564986	-0.02344504	0.48736134	4.01676870
0.20116487	-0.02301189	0.49933112	4.03253266
0.19570565	-0.02246343	0.51088577	4.05798729
0.19249552	-0.02216976	0.49070820	4.10556653
0.19023183	-0.02198297	0.50796950	4.09935157
0.18752225	-0.02174274	0.52470246	4.11804388
0.18381854	-0.02138474	0.51546623	4.15407076
0.17868591	-0.02085709	0.54875139	4.15432135
0.17543613	-0.02054596	0.53355392	4.16595182
0.17343782	-0.02037936	0.54123801	4.17782334
0.17041190	-0.02009006	0.52893338	4.17966843
0.16741701	-0.01980209	0.54156369	4.20042084
0.16456979	-0.01952932	0.51636134	4.21718240
0.15971909	-0.01901581	0.52858243	4.25739594
0.15723887	-0.01878168	0.54373445	4.26075905
0.15391786	-0.01844486	0.56760243	4.26801178
0.15185516	-0.01825675	0.55000516	4.29240817
0.14909619	-0.01798306	0.56586645	4.28291536
0.14605771	-0.01767341	0.57140171	4.31294613
0.14300771	-0.01736000	0.56923270	4.32235948
0.13987305	-0.01703391	0.55844397	4.32071730
0.13784661	-0.01684078	0.56561166	4.32869296
0.13540431	-0.01659510	0.55257935	4.35318317
0.13292719	-0.01634326	0.57410499	4.35902095
0.12998316	-0.01603189	0.56090531	4.37129812
0.12738595	-0.01576116	0.57996624	4.38071640
0.12421590	-0.01541730	0.53279912	4.40881534
0.12380833	-0.01541493	0.57162306	4.43187254
0.12184716	-0.01521820	0.56308416	4.45576585
0.11919465	-0.01493334	0.55232703	4.46421055
0.11680210	-0.01467909	0.56455874	4.46933704
0.11485890	-0.01447962	0.57604744	4.49882454
0.11176666	-0.01413335	0.55259747	4.52685159
0.10904553	-0.01383174	0.56530760	4.52253193
0.10816165	-0.01376177	0.55835237	4.57866459
0.10616013	-0.01354849	0.57788017	4.56854700
0.10422216	-0.01334178	0.57853370	4.58523389
0.10138073	-0.01301756	0.57960028	4.59182441
0.09966668	-0.01283632	0.59864252	4.64686249
0.09843710	-0.01271634	0.57143143	4.63988962
0.09649723	-0.01250337	0.59020034	4.66821037
0.09539491	-0.01239774	0.59419106	4.67921627
0.09201836	-0.01199480	0.58297792	4.69547338
0.09025597	-0.01180027	0.63043963	4.70543562
0.08853512	-0.01160982	0.61151664	4.73254178
0.08727138	-0.01147815	0.58477588	4.73375358
0.08588035	-0.01132870	0.62447303	4.71844485
0.08516710	-0.01126784	0.62401799	4.74277928
0.08287016	-0.01099629	0.60829897	4.76544449
0.08090567	-0.01076719	0.64791607	4.80038723
0.07981489	-0.01065318	0.62759510	4.80907605
0.07821331	-0.01046994	0.63998196	4.83066017
0.07693699	-0.01032912	0.64231719	4.81372198
0.07496883	-0.01009416	0.62998110	4.81426088
0.07333003	-0.00990214	0.64748527	4.84942834
0.07222248	-0.00978078	0.66472049	4.86525463
0.07105018	-0.00964977	0.65150419	4.88989475
0.07098252	-0.00966831	0.64561846	4.88509612
0.06966822	-0.00951650	0.63924907	4.91121472
0.06792604	-0.00930506	0.64744734	4.93534764
0.06666214	-0.00915797	0.63878931	4.94414011
0.06548807	-0.00902227	0.64145180	4.95220246
0.06396845	-0.00883791	0.63225984	4.97461617
0.06352271	-0.00880115	0.65410320	4.97470271
0.06280604	-0.00872641	0.66347015	4.99527258
0.06089804	-0.00848511	0.63848763	4.98910177
0.05888353	-0.00822744	0.66738128	5.03804170
0.05822475	-0.00815816	0.67607069	5.05449604
0.05743124	-0.00806944	0.66034141	5.07660104
0.05694657	-0.00802361	0.65234293	5.09350065
0.05586218	-0.00789267	0.64533736	5.13244468
0.05439305	-0.00770638	0.65806294	5.11350037
0.05325582	-0.00756609	0.65585578	5.14356223
0.05196195	-0.00740260	0.65158580	5.12759035
0.05108344	-0.00729743	0.65495975	5.17002028
0.05058675	-0.00724628	0.67103143	5.18185082
0.04933646	-0.00708649	0.67188877	5.20754578
0.04929298	-0.00709954	0.65072442	5.22360595
0.04727570	-0.00682750	0.67465131	5.23105464
0.04684700	-0.00678393	0.66338745	5.23739872
0.04591427	-0.00666684	0.67558540	5.25987674
0.04532167	-0.00659854	0.67717018	5.30349407
0.04441827	-0.00648441	0.67978534	5.30573923
0.04388200	-0.00642331	0.69403757	5.32034615
0.04321754	-0.00634298	0.65687542	5.33182578
0.04256390	-0.00626372	0.65662205	5.36877328
0.04169202	-0.00615175	0.65802334	5.35784517
0.04036705	-0.00597207	0.67229034	5.39931674
0.04053750	-0.00601317	0.65562768	5.43881244
0.03904094	-0.00580648	0.66602776	5.43347080
0.03779953	-0.00563666	0.67855726	5.46311562
0.03780790	-0.00565273	0.70794165	5.48925124
0.03745256	-0.00561429	0.69491868	5.49426964
0.03722889	-0.00559536	0.71077853	5.51835806
0.03752782	-0.00565501	0.73459155	5.54045533
0.03633627	-0.00548971	0.74546482	5.52900456
0.03590470	-0.00543859	0.73945297	5.56726844
0.03542768	-0.00538023	0.74644829	5.56130856
0.03510335	-0.00534475	0.71381349	5.54154570
0.03439044	-0.00524970	0.73295863	5.55365270
0.03497490	-0.00535264	0.73245175	5.58849208
0.03334219	-0.00511586	0.72339278	5.59135148
0.03296797	-0.00507138	0.74716636	5.61711637
0.03221661	-0.00496845	0.71486129	5.61193518
0.03160342	-0.00488629	0.73735568	5.65594551
0.03153283	-0.00488776	0.69974046	5.67478879
0.03183343	-0.00494686	0.71925393	5.70899982
0.03127231	-0.00487194	0.71427585	5.70824690
0.02975575	-0.00464736	0.72919392	5.72716221
0.02962225	-0.00463815	0.72756793	5.73882655
0.02902571	-0.00455615	0.70997047	5.78766166
0.02909012	-0.00457769	0.71293662	5.78510166
0.02845562	-0.00448903	0.72554551	5.80690177
0.02817827	-0.00445635	0.74229564	5.82205164
0.02801391	-0.00444137	0.75829998	5.84463205
0.02816313	-0.00447610	0.72672565	5.85618739
0.02817134	-0.00448848	0.74976718	5.86843964
0.02766192	-0.00441820	0.73010192	5.90642964
0.02729569	-0.00437044	0.71915495	5.92621724
0.02767849	-0.00444262	0.75115445	5.92751767
0.02695989	-0.00433788	0.74572359	5.98890306
0.02604596	-0.00420108	0.73891567	5.97272326
0.02582929	-0.00417629	0.77859623	6.01505900
0.02680186	-0.00434410	0.78056464	6.02139274
0.02570812	-0.00417694	0.76438939	6.02296388
0.02596923	-0.00422958	0.80653533	6.05337150
0.02543743	-0.00415299	0.80836562	6.04614660
0.02576652	-0.00421686	0.78574044	6.06187147
0.02561013	-0.00420135	0.76513704	6.07732900
0.02520263	-0.00414442	0.74678613	6.09865936
0.02543348	-0.00419241	0.76701798	6.14034897
0.02425153	-0.00400713	0.74510534	6.16262093
0.02462754	-0.00407896	0.75157912	6.21281640
0.02457793	-0.00408043	0.77995790	6.22059748
0.02490620	-0.00414474	0.77537857	6.23530702
0.02467627	-0.00411621	0.82557401	6.25939133
0.02446654	-0.00409086	0.82999980	6.30630516
0.02423984	-0.00406252	0.82576017	6.28811437
0.02480399	-0.00416685	0.82446240	6.27996653
0.02487320	-0.00418828	0.83454259	6.30219063
0.02508129	-0.00423321	0.89240831	6.29812189
0.02532730	-0.00428473	0.84773111	6.32398300
0.02477953	-0.00420183	0.85773102	6.33096278
0.02545832	-0.00432698	0.87207445	6.33600063
0.02532108	-0.00431364	0.83043010	6.33863261
0.02532484	-0.00432428	0.82587160	6.37419835
0.02545643	-0.00435680	0.83935980	6.37488286
0.02527612	-0.00433591	0.84264529	6.40613276
0.02504096	-0.00430546	0.81940370	6.42988187
0.02504548	-0.00431613	0.81380005	6.44368262
0.02380940	-0.00411251	0.82313651	6.46747627
0.02526998	-0.00437477	0.80195197	6.48542479
0.02553550	-0.00443083	0.81472430	6.49708691
0.02625539	-0.00456611	0.81998828	6.53349695
0.02596891	-0.00452655	0.80930353	6.56086850
0.02605316	-0.00455153	0.81580885	6.58723259
0.02575095	-0.00450892	0.81273657	6.62591696
0.02618703	-0.00459562	0.81400788	6.62309749
0.02597335	-0.00456839	0.82957761	6.63582079
0.02662019	-0.00469269	0.82048723	6.69876868
0.02699688	-0.00476977	0.82198563	6.68782111
0.02671105	-0.00472983	0.83357230	6.73008601
0.02671789	-0.00474161	0.84016326	6.74347682
0.02667052	-0.00474376	0.84293497	6.76314704
0.02836474	-0.00505632	0.83984844	6.77974256
0.02765757	-0.00494120	0.85799824	6.78566633
0.02857178	-0.00511584	0.85627671	6.81856274
0.02728488	-0.00489622	0.84718291	6.83689891
0.02735358	-0.00491937	0.86791906	6.85977770
0.02752686	-0.00496144	0.89472228	6.90880687
0.02829448	-0.00511100	0.89577067	6.91392199
0.02848472	-0.00515664	0.93010150	6.91210628
0.02864338	-0.00519671	0.91300487	6.94558068
0.02854022	-0.00518930	0.90340147	6.95892598
0.02896718	-0.00527841	0.89767976	6.94018402
0.02840109	-0.00518651	0.90256531	6.96334989
0.02931414	-0.00536487	0.92925966	6.98676130
0.02874727	-0.00527252	0.92300060	7.02151669
0.02939225	-0.00540246	0.90732785	7.04020546
0.02964368	-0.00546043	0.90724778	7.01308987
0.02855174	-0.00527061	0.92404526	7.08854675
0.02901016	-0.00536674	0.91565108	7.09794469
0.02877530	-0.00533471	0.92674962	7.10542980
0.02933411	-0.00544994	0.93023156	7.15674386
0.02969574	-0.00552891	0.94498528	7.18944684
0.02958716	-0.00552044	0.93206236	7.18685764
0.02985400	-0.00558207	0.94008464	7.17705659
0.03106200	-0.00582027	0.91889226	7.22902986
0.03049593	-0.00572631	0.93181736	7.24534015
0.03125471	-0.00588120	0.92706888	7.23056177
0.03109904	-0.00586426	0.94064873	7.25498833
0.03141230	-0.00593580	0.91719596	7.28107852
0.03187197	-0.00603532	0.90735986	7.30087374
0.03087140	-0.00585812	0.91261985	7.31837772
0.03171000	-0.00602985	0.94409261	7.33963565
0.03178461	-0.00605667	0.92483844	7.39114070
0.03140663	-0.00599713	0.91937890	7.41146473
0.03197873	-0.00611908	0.92720992	7.41528615
0.03204799	-0.00614508	0.95595747	7.43243562
0.03256587	-0.00625733	0.95724803	7.48758808
0.03258410	-0.00627379	0.95736735	7.49505701
0.03326907	-0.00641890	0.97445548	7.49366145
0.03293451	-0.00636746	0.96819160	7.52419934
0.03335073	-0.00646120	0.96791091	7.54509071
0.03291211	-0.00638932	0.95990572	7.56101660
0.03328022	-0.00647402	0.96018049	7.57153478
0.03351204	-0.00653246	0.95574578	7.59598154
0.03348167	-0.00653987	0.96115106	7.62854048
0.03288068	-0.00643557	0.96928449	7.63101345
0.03339393	-0.00654932	0.96242406	7.65449364
0.03351293	-0.00658601	0.97205452	7.71525131
0.03401503	-0.00669823	0.95127411	7.69203996
0.03421420	-0.00675108	0.94339122	7.72182616
0.03437596	-0.00679670	0.94916024	7.78044090
0.03415047	-0.00676572	0.96247200	7.79771371
0.03466737	-0.00688195	0.97155366	7.82183326
0.03496957	-0.00695588	0.99282531	7.84094166
0.03507915	-0.00699166	0.99748634	7.86398578
0.03521087	-0.00703196	0.96424383	7.89013311
0.03561197	-0.00712626	0.98386317	7.88993718
0.03498795	-0.00701535	1.01093794	7.90524208
0.03584516	-0.00720153	1.00541307	7.96078122
0.03559450	-0.00716537	0.98265456	7.97764456
0.03487481	-0.00703441	0.99858794	7.99521935
0.03574866	-0.00722494	0.99577470	8.02262023
0.03607538	-0.00730537	0.99074566	8.04684293
0.03497311	-0.00709612	1.00701631	8.06898879
0.03658816	-0.00743842	1.03427641	8.10121573
0.03611847	-0.00735736	1.02524316	8.13374368
0.03658297	-0.00746659	1.02750423	8.16253498
0.03534350	-0.00722774	1.05339492	8.19546139
0.03602451	-0.00738140	1.04259856	8.21397653
0.03595784	-0.00738211	1.05866140	8.23978071
0.03606237	-0.00741798	1.08948044	8.26339289
0.03646638	-0.00751566	1.11761968	8.26286581
0.03603842	-0.00744187	1.09329560	8.26073727
0.03660720	-0.00757396	1.13796173	8.29060127
0.03650873	-0.00756819	1.11749602	8.29621153
0.03695858	-0.00767622	1.10737174	8.30300474
0.03654199	-0.00760432	1.12060223	8.32197884
0.03764694	-0.00784932	1.10994656	8.33054201
0.03677985	-0.00768325	1.09543532	8.32836170
0.03770801	-0.00789224	1.09808993	8.38712582
0.03720686	-0.00780224	1.08873356	8.41038085
0.03755560	-0.00789041	1.12814323	8.43078598
0.03664417	-0.00771359	1.08428479	8.44101431
0.03746990	-0.00790242	1.08693061	8.44397060
0.03807413	-0.00804510	1.10348805	8.47686737
0.03765604	-0.00797184	1.08290476	8.51557808
0.03756843	-0.00796835	1.09354286	8.52433291
0.03796051	-0.00806673	1.08248092	8.54036259
0.03794643	-0.00807895	1.09481433	8.59487718
0.03823339	-0.00815537	1.07800408	8.62993226
0.03796838	-0.00811406	1.07217918	8.62577821
0.03823635	-0.00818667	1.07715016	8.68341859
0.03803715	-0.00815927	1.08067041	8.71466504
0.03788648	-0.00814215	1.05999670	8.74062196
0.03769160	-0.00811540	1.07623351	8.76083193
0.03909364	-0.00843296	1.08359341	8.79044770
0.03935524	-0.00850518	1.09577761	8.80149744
0.03873433	-0.00838654	1.12608851	8.84426262
0.03809661	-0.00826377	1.10586446	8.89441115
0.03837168	-0.00833884	1.11585961	8.89203321
0.03910932	-0.00851485	1.13423419	8.90861186
0.03849662	-0.00839692	1.14854523	8.93287356
0.03926407	-0.00858009	1.13310957	8.93239729
0.03895889	-0.00852906	1.11384134	8.95775000
0.03874696	-0.00849824	1.09373095	8.98091875
0.03887342	-0.00854160	1.08512593	8.99824044
0.03915269	-0.00861870	1.06444421	9.07783330
0.03905092	-0.00861200	1.10084558	9.10639620
0.03955296	-0.00873862	1.07665706	9.13847820
0.04010500	-0.00887672	1.08145388	9.15195917
0.03902291	-0.00865292	1.07729588	9.19604732
0.03928369	-0.00872655	1.10064030	9.25754945
0.03959143	-0.00881084	1.08183459	9.25268744
0.03925234	-0.00875118	1.11618441	9.31302769
0.04014872	-0.00896719	1.12936773	9.34247554
0.04023946	-0.00900366	1.14498333	9.38992418
0.04025765	-0.00902394	1.17639976	9.40523775
0.04050245	-0.00909513	1.17054662	9.41075527
0.04016631	-0.00903583	1.18662483	9.40772934
0.04111085	-0.00926488	1.20997490	9.47575985
0.04047199	-0.00913721	1.19355058	9.48660585
0.04099315	-0.00927140	1.23065628	9.51950797
0.04059119	-0.00919685	1.21735251	9.53805821
0.04093721	-0.00929175	1.19934963	9.53218399
0.04054781	-0.00921972	1.20331014	9.56512940
0.04101836	-0.00934326	1.25167469	9.58664313
0.04073160	-0.00929437	1.19425226	9.61808993
0.04074923	-0.00931484	1.23022737	9.66174184
0.03982236	-0.00911904	1.21425039	9.67005814
0.04089464	-0.00938109	1.20688716	9.69617200
0.04076948	-0.00936884	1.20924074	9.73566508
0.04016698	-0.00924660	1.24074043	9.76367401
0.04041770	-0.00932064	1.23004561	9.76254896
0.04067603	-0.00939664	1.22808581	9.84165303
0.03999528	-0.00925554	1.24711484	9.81371166
0.04045215	-0.00937761	1.24023140	9.82980704
0.04046701	-0.00939741	1.24040951	9.91208330
0.04092075	-0.00951932	1.24955671	9.88523207
0.04019891	-0.00936765	1.23713371	9.92690253
0.04081227	-0.00952709	1.23845645	9.99071002
0.04052188	-0.00947569	1.25463825	9.99837331
0.04087412	-0.00957459	1.27385777	10.02914089
0.04042594	-0.00948596	1.28193533	10.06937906
0.04098690	-0.00963418	1.28094439	10.09316764
0.04071943	-0.00958779	1.26788690	10.10186805
0.04025106	-0.00949380	1.28068517	10.11758773
0.04078988	-0.00963740	1.25057214	10.15396847
0.04075325	-0.00964525	1.26599525	10.18452095
0.04076682	-0.00966497	1.28040835	10.21221075
0.04050347	-0.00961894	1.25104176	10.26607362
0.04109615	-0.00977635	1.28459828	10.30038424
0.04040465	-0.00962822	1.28353661	10.28224232
0.04019094	-0.00959358	1.27305578	10.32462091
0.04081770	-0.00975974	1.27000868	10.35306939
0.04179807	-0.01001110	1.28996559	10.38814557
0.04102429	-0.00984240	1.25435519	10.42513237
0.04075130	-0.00979344	1.28183437	10.44120742
0.04055366	-0.00976239	1.27963607	10.48570432
0.04138403	-0.00997908	1.27574354	10.51135545
0.04096738	-0.00989524	1.28028490	10.53306228
0.03996576	-0.00966953	1.29031911	10.59030166
0.03967437	-0.00961514	1.28609564	10.62279001
0.03953544	-0.00959752	1.27943214	10.64652536
0.03999821	-0.00972610	1.28663068	10.69788132
0.04029423	-0.00981445	1.27114961	10.73809499
0.03960785	-0.00966336	1.27861423	10.73942558
0.03929676	-0.00960343	1.27500566	10.82208740
0.03965767	-0.00970775	1.27738609	10.83108028
0.03961012	-0.00971222	1.25546255	10.88816070
0.03955683	-0.00971523	1.29327878	10.90892843
0.03960093	-0.00974217	1.31571594	10.90666218
0.03945780	-0.00972300	1.31827674	10.94463172
0.03977005	-0.00981613	1.30841323	10.96585235
0.03997930	-0.00988404	1.30816256	11.02115082
0.04048529	-0.01002561	1.30497477	11.03205803
0.04052943	-0.01005304	1.28993271	11.07676914
0.03888579	-0.00966118	1.31271286	11.15828774
0.03945669	-0.00981909	1.31198147	11.16447333
0.04041407	-0.01007380	1.31818917	11.20932500
0.03973246	-0.00992008	1.32706777	11.24956596
0.03926617	-0.00981966	1.31576756	11.31388477
0.03919704	-0.00981835	1.32956405	11.34345609
0.03988385	-0.01000664	1.34043083	11.39170629
0.03949353	-0.00992481	1.37001044	11.41053799
0.03953341	-0.00995095	1.36281961	11.45396169
0.03908588	-0.00985425	1.36832088	11.45704148
0.03951061	-0.00997744	1.37674929	11.49727384
0.03907681	-0.00988384	1.37035795	11.53334540
0.03941486	-0.00998543	1.37530438	11.55441336
0.03888344	-0.00986667	1.34593340	11.58451636
0.03916451	-0.00995398	1.38073855	11.62454132
0.03903887	-0.00993799	1.35083961	11.65474515
0.03865674	-0.00985650	1.38918936	11.72925093
0.03847856	-0.00982678	1.40261143	11.75893360
0.03841749	-0.00982688	1.41174675	11.79591719
0.03833054	-0.00982030	1.40089643	11.84807754
0.03908196	-0.01002879	1.40451679	11.87130954
0.03780287	-0.00971602	1.42186365	11.89987789
0.03890628	-0.01001552	1.39907834	11.93083699
0.03727737	-0.00961144	1.40602868	11.97180961
0.03785401	-0.00977560	1.43266812	12.01488829
0.03788028	-0.00979788	1.38160870	12.06744964
0.03755694	-0.00972962	1.40209841	12.10880997
0.03789829	-0.00983356	1.40465726	12.15020442
0.03780882	-0.00982582	1.42209835	12.19354062
0.03745067	-0.00974808	1.41879764	12.25169608
0.03834289	-0.00999602	1.43341581	12.29741335
0.03836248	-0.01001684	1.41454443	12.37847799
0.03850883	-0.01007083	1.42524910	12.41051755
0.03785474	-0.00991528	1.44487997	12.47357151
0.03770090	-0.00989044	1.51386043	12.50271094
0.03709060	-0.00974554	1.51443617	12.55358054
0.03730083	-0.00981607	1.54684764	12.60281442
0.03735046	-0.00984445	1.51353129	12.66517375
0.03737138	-0.00986529	1.57231328	12.73477690
0.03732988	-0.00986965	1.61907031	12.78350877
0.03708555	-0.00982027	1.71992335	12.84007243
0.03721231	-0.00986911	1.84659106	12.85665437
0.03603114	-0.00957064	1.91819112	12.74599461
0.03654658	-0.00972256	1.88144196	12.65626959
0.03714830	-0.00989789	1.80656685	12.59457297
0.03732763	-0.00996101	1.73769492	12.62140349
0.03610687	-0.00965007	1.70898381	12.68122090
0.03663115	-0.00980525	1.65300840	12.72806435
0.03586593	-0.00961516	1.65552492	12.78089903
0.03665734	-0.00984240	1.64411898	12.82285912
0.03668174	-0.00986403	1.61058803	12.86611893
0.03635392	-0.00979083	1.61702856	12.90959728
0.03576386	-0.00964663	1.61586597	12.93162874
0.03645709	-0.00984861	1.63002708	12.97528548
0.03629852	-0.00982071	1.62260562	13.05023110
0.03551300	-0.00962280	1.58153675	13.08621921
0.03564194	-0.00967242	1.61193833	13.11071534
0.03488333	-0.00948091	1.58575696	13.17596529
0.03568096	-0.00971239	1.57010503	13.19144885
0.03580195	-0.00976008	1.57234838	13.26387012
0.03408404	-0.00930580	1.55365959	13.33699754
0.03478727	-0.00951213	1.56627932	13.35030747
0.03460735	-0.00947720	1.54123925	13.40251574
0.03484174	-0.00955575	1.55860292	13.49393589
0.03531022	-0.00969880	1.56076977	13.50054614
0.03481379	-0.00957681	1.56426586	13.53792626
0.03537605	-0.00974607	1.57906727	13.60256800
0.03486702	-0.00962022	1.53399816	13.67276186
0.03473701	-0.00959868	1.58271153	13.70143386
0.03509200	-0.00971127	1.54967014	13.74969738
0.03458681	-0.00958574	1.59549354	13.79271079
0.03487953	-0.00968127	1.54166253	13.83627564
0.03531922	-0.00981790	1.56882964	13.93772309
0.03448037	-0.00959897	1.56371053	13.97572722
0.03420656	-0.00953688	1.59843614	14.04965437
0.03358795	-0.00937829	1.60202265	14.11929387
0.03341450	-0.00934368	1.63188233	14.12037265
0.03400976	-0.00952419	1.59722885	14.19990874
0.03366304	-0.00944102	1.65059623	14.18108507
0.03343098	-0.00938977	1.63158178	14.22075601
0.03311677	-0.00931522	1.60542193	14.24240529
0.03385333	-0.00953642	1.57886539	14.32548583
0.03384564	-0.00954826	1.59023950	14.38971763
0.03379705	-0.00954855	1.59379993	14.44157745
0.03218130	-0.00910538	1.62417311	14.51471027
0.03268489	-0.00926141	1.63715551	14.56642032
0.03327390	-0.00944209	1.67858343	14.61300692
0.03250142	-0.00923636	1.69695046	14.63787269
0.03240192	-0.00922151	1.68944263	14.64512555
0.03245886	-0.00925117	1.67319916	14.68249198
0.03235460	-0.00923488	1.63328466	14.72157710
0.03178495	-0.00908547	1.64096087	14.78519925
0.03250303	-0.00930421	1.61365782	14.86515141
0.03209470	-0.00920064	1.58190015	14.94991880
0.03187702	-0.00915147	1.59858585	14.99046572
0.03237042	-0.00930655	1.59315200	15.08682638
0.03280090	-0.00944394	1.61335677	15.14530373
0.03227103	-0.00930478	1.63397611	15.19751507
0.03156910	-0.00911551	1.63854911	15.24679003
0.03122372	-0.00902875	1.63597316	15.26513006
0.03073319	-0.00889968	1.67667671	15.33629208
0.03154332	-0.00914739	1.59950643	15.36277363
0.03164813	-0.00919095	1.61622766	15.42243459
0.03082782	-0.00896554	1.63644134	15.47997262
0.03129011	-0.00911300	1.62246488	15.56418550
0.03122877	-0.00910813	1.58839503	15.60883189
0.03144012	-0.00918286	1.60416395	15.65277079
0.03096742	-0.00905769	1.60234636	15.75830712
0.03075066	-0.00900709	1.59975004	15.83574007
0.03049441	-0.00894473	1.57254258	15.89652486
0.03104996	-0.00912062	1.58646771	15.93148559
0.03060574	-0.00900288	1.59289909	16.03057365
0.03002892	-0.00884572	1.59646307	16.07099395
0.02978554	-0.00878644	1.59387720	16.18672022
0.02990350	-0.00883371	1.62889028	16.25638366
0.03001879	-0.00888028	1.64596568	16.33275772
0.02962666	-0.00877664	1.63506425	16.37246966
0.02928189	-0.00868672	1.68070806	16.44312090
0.02946217	-0.00875250	1.65647403	16.50392875
0.02887315	-0.00858956	1.66116521	16.58006847
0.02895910	-0.00862723	1.67154036	16.58896421
0.02917327	-0.00870321	1.67996699	16.70316509
0.02923950	-0.00873518	1.66955249	16.74578823
0.02888990	-0.00864281	1.69024645	16.82324928
0.02922260	-0.00875455	1.69060131	16.88159561
0.02998138	-0.00899440	1.71436348	16.97303698
0.02927929	-0.00879601	1.70090452	17.00380071
0.02901242	-0.00872797	1.71875957	17.03669340
0.02889712	-0.00870537	1.69348579	17.14453594
0.02922625	-0.00881675	1.66981073	17.18167669
0.02898232	-0.00875529	1.67850267	17.26122572
0.02962119	-0.00896068	1.68222825	17.32599300
0.02897017	-0.00877587	1.65647789	17.41055848
0.02856880	-0.00866625	1.67236909	17.51156910
0.02920767	-0.00887228	1.66741929	17.55910663
0.02873291	-0.00874010	1.68987704	17.66431529
0.02891069	-0.00880630	1.67679112	17.73902325
0.02865486	-0.00874038	1.68147839	17.79695774
0.02797435	-0.00854454	1.67598538	17.89184991
0.02742634	-0.00838865	1.67557052	17.95416232
0.02849378	-0.00872709	1.68969978	18.04352486
0.02763869	-0.00847679	1.68242592	18.13545361
0.02717087	-0.00834471	1.68636170	18.23203828
0.02764531	-0.00850202	1.71366761	18.29451923
0.02698046	-0.00830888	1.68560077	18.35253425
0.02709036	-0.00835410	1.71134925	18.45265158
0.02738550	-0.00845662	1.73488893	18.51152717
0.02717737	-0.00840377	1.72098005	18.61481707
0.02693619	-0.00834051	1.72210295	18.70636815
0.02728509	-0.00846001	1.75530320	18.78027481
0.02686355	-0.00834060	1.74914774	18.89218134
0.02659248	-0.00826762	1.76818108	18.98239843
0.02683853	-0.00835541	1.77887876	19.04693842
0.02606351	-0.00812509	1.79188119	19.13740076
0.02653144	-0.00828213	1.78604846	19.21364319
0.02667869	-0.00833933	1.78600954	19.29459664
0.02683447	-0.00839932	1.81021220	19.37656606
0.02673389	-0.00837910	1.79864846	19.45743352
0.02584328	-0.00811084	1.78776623	19.53964561
0.02538108	-0.00797647	1.80900383	19.61928445
0.02569850	-0.00808706	1.80772680	19.75744088
0.02520184	-0.00794139	1.79691718	19.83038293
0.02506778	-0.00790971	1.82073658	19.92955209
0.02512180	-0.00793735	1.80012795	20.01112890
0.02487633	-0.00787029	1.82271284	20.11099115
0.02538174	-0.00804090	1.83260971	20.23673741
0.02555760	-0.00810739	1.83334262	20.30704914
0.02493909	-0.00792172	1.87680567	20.42518281
0.02479241	-0.00788560	1.86796059	20.52436883
0.02466335	-0.00785496	1.88487186	20.63872272
0.02416849	-0.00770757	1.90937064	20.71403376
0.02372383	-0.00757578	1.94231825	20.81753046
0.02340285	-0.00748318	2.01279987	20.93676402
0.02394396	-0.00766632	2.02731959	21.03515676
0.02409295	-0.00772421	2.10659150	21.07479949
0.02311428	-0.00742023	2.14852021	21.09282124
0.02324774	-0.00747291	2.10214448	21.12587435
0.02373631	-0.00764000	2.04578474	21.13694795
0.02318646	-0.00747283	1.97943875	21.24250280
0.02285717	-0.00737638	1.95368562	21.37219183
0.02243310	-0.00724903	1.90245881	21.46103906
0.02219584	-0.00718176	1.89219653	21.62912761
0.02276223	-0.00737467	1.89791884	21.76063853
0.02232944	-0.00724391	1.85487832	21.88581928
0.02232653	-0.00725244	1.89861109	22.01127982
0.02197431	-0.00714734	1.86088622	22.12133237
0.02123460	-0.00691575	1.90148045	22.24008347
0.02203738	-0.00718655	1.86211709	22.34344458
0.02175906	-0.00710502	1.86650661	22.48605510
0.02188548	-0.00715559	1.87739200	22.63742070
0.02130532	-0.00697495	1.88017056	22.74301770
0.02173434	-0.00712463	1.89085446	22.88971357
0.02127197	-0.00698210	1.91894524	23.05503499
0.02133801	-0.00701284	1.94283309	23.16870109
0.02164004	-0.00712130	1.95003347	23.32181766
0.02158248	-0.00711153	2.02417865	23.42115051
0.02190238	-0.00722626	2.01752409	23.56681734
0.02113002	-0.00698042	2.06874738	23.67202535
0.02091791	-0.00691924	2.11734900	23.74874865
0.02062808	-0.00683215	2.11948163	23.83708227
0.02056272	-0.00681926	2.12244520	23.91494593
0.02097877	-0.00696616	2.09981164	24.01729424
0.02035459	-0.00676757	2.06865369	24.11564764
0.01969793	-0.00655763	2.04027054	24.26533298
0.01978436	-0.00659483	2.03134087	24.42211572
0.02006602	-0.00669727	2.03819415	24.57740800
0.01974386	-0.00659816	2.01256576	24.69754499
0.02075161	-0.00694379	2.03855019	24.82869226
0.02055309	-0.00688612	1.99651263	24.97123516
0.01951447	-0.00654647	2.00948069	25.08731322
0.01920850	-0.00645202	2.00175207	25.26562013
0.01895442	-0.00637477	2.01629965	25.40084155
0.01966928	-0.00662359	1.99514675	25.56343550
0.01950756	-0.00657746	1.98206073	25.71098610
0.01917101	-0.00647217	1.98282597	25.90903095
0.01987800	-0.00671935	1.99952223	26.08563223
0.01852254	-0.00626908	2.00756849	26.21637976
0.01830399	-0.00620293	2.02187018	26.34629810
0.01855729	-0.00629671	2.02379189	26.52955731
0.01883611	-0.00639937	2.00666738	26.71853852
0.01792358	-0.00609701	2.05119131	26.88789264
0.01778613	-0.00605787	2.03350182	27.04146000
0.01853478	-0.00632079	2.03942957	27.19512112
0.01828350	-0.00624292	2.06633396	27.39457473
0.01836281	-0.00627787	2.06488751	27.53851470
0.01868973	-0.00639765	2.07411584	27.72709252
0.01837620	-0.00629819	2.09083433	27.87586805
0.01767339	-0.00606489	2.07976709	28.07129420
0.01782274	-0.00612378	2.10738040	28.26512373
0.01785144	-0.00614130	2.13266676	28.44109417
0.01770030	-0.00609690	2.13755362	28.62118432
0.01752039	-0.00604244	2.12882576	28.82405610
0.01803697	-0.00622834	2.18362668	29.00598444
0.01744024	-0.00602977	2.16118865	29.17875550
0.01718484	-0.00594885	2.16222118	29.36809300
0.01754977	-0.00608272	2.14485333	29.55485126
0.01658210	-0.00575445	2.16674377	29.75362747
0.01635794	-0.00568369	2.20083966	29.96394886
0.01721945	-0.00599042	2.20462477	30.18833520
0.01649609	-0.00574587	2.21459486	30.36675068
0.01748126	-0.00609654	2.26645958	30.61865983
0.01610122	-0.00562218	2.24669598	30.80875070
0.01602549	-0.00560264	2.24796171	31.00024519
0.01575497	-0.00551484	2.27981961	31.22025627
0.01629211	-0.00570987	2.31122757	31.39607686
0.01679922	-0.00589483	2.31093773	31.62662468
0.01604255	-0.00563623	2.34918115	31.79490662
0.01499203	-0.00527361	2.31308088	32.05270951
0.01507268	-0.00530848	2.31928956	32.30624985
0.01518938	-0.00535613	2.32169581	32.52345174
0.01478869	-0.00522121	2.32100898	32.76209981
0.01544368	-0.00545912	2.33150992	33.03694296
0.01526525	-0.00540264	2.35264306	33.28830844
0.01525864	-0.00540688	2.38770373	33.54270009
0.01537309	-0.00545407	2.42190890	33.76592911
0.01482124	-0.00526469	2.40092218	34.01313789
0.01420377	-0.00505149	2.40133957	34.25334996
0.01373582	-0.00489100	2.37616615	34.52373075
0.01388057	-0.00494854	2.41298938	34.77487340
0.01439561	-0.00513838	2.40617392	35.07341277
0.01438196	-0.00513973	2.41556569	35.35320998
0.01357173	-0.00485604	2.43007617	35.64782296
0.01421337	-0.00509178	2.47422442	35.91885564
0.01410139	-0.00505776	2.51763771	36.20455354
0.01352343	-0.00485632	2.50431835	36.47123632
0.01401165	-0.00503771	2.50151191	36.81055559
0.01360643	-0.00489791	2.54185992	37.07687870
0.01301142	-0.00468936	2.56241824	37.40278119
0.01348179	-0.00486472	2.58205741	37.73856016
0.01231317	-0.00444838	2.61293524	38.02076782
0.01285265	-0.00464885	2.64561721	38.30924883
0.01308671	-0.00473919	2.62270953	38.61880327
0.01322489	-0.00479497	2.63422240	38.94546406
0.01289212	-0.00467991	2.64243277	39.23782758
0.01270919	-0.00461902	2.62647743	39.63140533
0.01203193	-0.00437810	2.65452826	39.96884474
0.01245303	-0.00453674	2.66076611	40.31765442
0.01263557	-0.00460873	2.63195934	40.67906589
0.01241875	-0.00453504	2.64904851	41.08019261
0.01191933	-0.00435785	2.70209311	41.44556156
0.01196140	-0.00437843	2.70790051	41.86883167
0.01224584	-0.00448787	2.70575290	42.25874361
0.01218111	-0.00446945	2.76206235	42.64504396
0.01199944	-0.00440802	2.74421028	43.06399550
0.01143315	-0.00420497	2.78194104	43.50903886
0.01134263	-0.00417661	2.85590686	43.95997209
0.01158937	-0.00427252	2.85186802	44.38251594
0.01146334	-0.00423105	2.92718895	44.81476658
0.01107710	-0.00409332	2.94127393	45.24285905
0.01080932	-0.00399908	3.01008360	45.70166531
0.01086358	-0.00402389	3.08822932	46.15339462
0.01125968	-0.00417551	3.07722278	46.55093961
0.01097695	-0.00407546	3.13961400	47.04500664
0.01102215	-0.00409705	3.12947249	47.50154303
0.01093020	-0.00406764	3.15800579	47.98017599
0.01096565	-0.00408562	3.14730787	48.48888214
0.01068300	-0.00398498	3.18692633	48.95451311
0.01034851	-0.00386473	3.16175810	49.49547489
0.01029908	-0.00385077	3.16622269	50.05194667
0.00973083	-0.00364256	3.13936814	50.63569309
0.01006845	-0.00377334	3.20839621	51.23993651
0.01031608	-0.00387066	3.22587756	51.83951384
0.00955029	-0.00358751	3.25831553	52.43735809
0.01035182	-0.00389313	3.26736652	53.04638862
0.00942359	-0.00354817	3.32884604	53.68386973
0.01006270	-0.00379321	3.37462414	54.34080191
0.00980409	-0.00370002	3.40714038	54.96951166
0.00988358	-0.00373435	3.40512568	55.64685381
0.00985636	-0.00372838	3.45648080	56.37836419
0.00953853	-0.00361234	3.50774259	57.05654162
0.00967862	-0.00366964	3.53641877	57.79618554
0.00915648	-0.00347569	3.59225793	58.54438680
0.00909728	-0.00345720	3.61245255	59.30908473
0.00933226	-0.00355060	3.66288397	60.10372811
0.00925593	-0.00352562	3.73066241	60.92567976
0.00950188	-0.00362348	3.77266042	61.73540427
0.00919670	-0.00351114	3.80159922	62.62497295
0.00904479	-0.00345712	3.85663383	63.52498505
0.00880416	-0.00336901	3.93768609	64.45545741
0.00833316	-0.00319245	4.02720343	65.37046746
0.00795441	-0.00305084	4.11169091	66.32893031
0.00831556	-0.00319302	4.17490845	67.31516559
0.00847568	-0.00325823	4.34157679	68.26616293
0.00845773	-0.00325506	4.34826889	69.29330931
0.00766342	-0.00295273	4.37114954	70.41697015
0.00771715	-0.00297683	4.52810556	71.50834651
0.00741591	-0.00286390	4.58359087	72.63764301
0.00793223	-0.00306679	4.65093590	73.84417725
0.00780626	-0.00302153	4.79264531	75.01870425
0.00736066	-0.00285230	4.84611544	76.29570975
0.00752977	-0.00292115	4.94519512	77.60580714
0.00768278	-0.00298390	5.06815738	78.95764288
0.00719022	-0.00279577	5.19597061	80.36333789
0.00757203	-0.00294757	5.30659972	81.78304306
0.00731651	-0.00285134	5.42603184	83.34817404
0.00724055	-0.00282494	5.55210126	84.91873791
0.00674915	-0.00263619	5.72429232	86.50961019
0.00656020	-0.00256529	5.87883204	88.20280555
0.00591873	-0.00231707	6.09058782	89.92575621
0.00628633	-0.00246376	6.23141370	91.78739984
0.00654137	-0.00256661	6.43625385	93.64070091
0.00541928	-0.00212874	6.59973072	95.64765570
0.00612687	-0.00240940	6.88146618	97.65865920
0.00564718	-0.00222326	7.12783435	99.84757627
0.00624165	-0.00246006	7.39032123	102.03647233
0.00579927	-0.00228828	7.63055226	104.36963769
0.00552455	-0.00218233	7.91153952	106.81341690
0.00675738	-0.00267232	8.21678717	109.37800130
0.00496118	-0.00196418	8.54825394	112.04990714
0.00595555	-0.00236051	8.88202541	114.84664364
0.00483775	-0.00191961	9.20076941	117.80989041
0.00552205	-0.00219359	9.51754322	120.96618064
0.00564082	-0.00224327	9.91081809	124.32931258
0.00617193	-0.00245723	10.38479473	127.80376529
0.00528188	-0.00210522	10.93670279	131.59030777
0.00552202	-0.00220339	11.49815477	135.53557924
0.00552321	-0.00220632	12.10655988	139.78220262
0.00579297	-0.00231666	12.88244220	144.20911573
0.00522527	-0.00209195	13.56854606	149.02430074
0.00557319	-0.00223372	14.32685292	153.99179321
0.00490793	-0.00196928	15.32681835	159.61428079
0.00516243	-0.00207369	16.35058930	165.44851296
0.00517090	-0.00207939	17.56177959	171.92949200
0.00517988	-0.00208532	18.99861922	178.71146522
0.00520374	-0.00209724	20.54543391	186.27138051
0.00486338	-0.00196223	22.43014258	194.23259448
0.00555545	-0.00224394	24.61206803	203.07705618
0.00552591	-0.00223448	27.07654176	212.72645592
0.00492636	-0.00199424	30.22568540	223.20899326
0.00456642	-0.00185057	33.75152668	234.85113332
0.00459713	-0.00186507	38.13116230	247.65826930
0.00443698	-0.00180208	43.62785786	261.60671806
0.00447186	-0.00181824	50.14833308	277.03296026
0.00467884	-0.00190449	58.08320090	293.85603743
0.00433128	-0.00176495	67.69815981	312.91393184
0.00429548	-0.00175229	79.74685725	333.70043771
0.00424384	-0.00173312	94.92793291	356.58561018
0.00405242	-0.00165676	113.09269220	381.42987977
0.00436142	-0.00178504	135.52335292	409.17855699
0.00381256	-0.00156211	163.12045053	440.00022283
0.00455780	-0.00186950	199.10461364	475.09196964
0.00418415	-0.00171811	245.98162155	513.71069687
0.00378776	-0.00155704	309.43578687	554.59127331
0.00321790	-0.00132423	394.72898126	594.85696601
0.00357488	-0.00147274	513.15491403	624.80288334
0.00364477	-0.00150317	667.55219338	624.01224895
0.00345897	-0.00142809	849.15337524	559.91002823
0.00282442	-0.00116738	1007.19359303	424.39332586
0.00225371	-0.00093251	1138.27175505	233.68820456
0.00207956	-0.00086138	1200.20311268	-38.96705959
0.00257515	-0.00106782	1110.72852917	-288.78508571
0.00250860	-0.00104135	971.76759048	-462.29214198
0.00223787	-0.00092997	804.33208340	-583.94699862
0.00304522	-0.00126685	625.87641528	-628.30649608
0.00228656	-0.00095226	480.41407864	-619.39992343
0.00130722	-0.00054500	370.94126094	-585.05076225
0.00187319	-0.00078180	292.02453538	-544.44470692
0.00256486	-0.00107163	233.15064446	-503.69984813
0.00233263	-0.00097565	189.39656425	-466.10018207
0.00310165	-0.00129870	155.85721319	-431.82112833
0.00197011	-0.00082580	129.56534527	-401.96966099
0.00083437	-0.00035011	108.33574807	-374.95132079
0.00150916	-0.00063395	90.94667585	-350.77451773
0.00191669	-0.00080600	76.64065952	-328.29553563
0.00183498	-0.00077247	65.13504681	-307.99695621
0.00172268	-0.00072597	56.14441758	-289.52434106
0.00194710	-0.00082143	48.50828498	-273.03690803
0.00103896	-0.00043878	42.31676584	-258.00561457
0.00219463	-0.00092784	37.04602320	-244.28425786
0.00097184	-0.00041131	32.84713097	-231.80307295
0.00139896	-0.00059271	29.50137141	-220.52584880
0.00116304	-0.00049328	26.47503195	-210.18146805
0.00114144	-0.00048464	24.08311400	-200.81389237
0.00152273	-0.00064722	22.03933925	-192.15558558
0.00145881	-0.00062071	20.12994814	-184.30941244
0.00038922	-0.00016579	18.69698101	-176.98352994
0.00094246	-0.00040186	17.25572465	-170.28744092
0.00035086	-0.00014976	16.15133528	-163.95753268
0.00023985	-0.00010249	15.10193354	-158.24104975
0.00065363	-0.00027959	14.24987131	-152.68649840
0.00151141	-0.00064720	13.39153722	-147.78116260
0.00075080	-0.00032184	12.74820417	-143.12925905
0.00147792	-0.00063420	11.99480246	-138.71237175
0.00096743	-0.00041558	11.41588414	-134.55173094
0.00092500	-0.00039778	10.86031998	-130.66912815
0.00119221	-0.00051322	10.37546019	-126.91466913
0.00073505	-0.00031676	9.86959285	-123.44337106
0.00138472	-0.00059736	9.47706833	-120.13392434
0.00062733	-0.00027091	9.15415498	-117.04892789
0.00042376	-0.00018319	8.83908904	-114.14121240
0.00127475	-0.00055166	8.50841537	-111.37850279
0.00098553	-0.00042695	8.18152977	-108.73271698
0.00131377	-0.00056974	7.88542134	-106.19754359
0.00028371	-0.00012317	7.60840410	-103.77790935
0.00100406	-0.00043634	7.37374374	-101.48540353
0.00077966	-0.00033918	7.09106319	-99.31334783
0.00192938	-0.00084023	6.89290925	-97.16629251
0.00139696	-0.00060900	6.59677443	-95.11565762
0.00161989	-0.00070693	6.43783474	-93.16114877
0.00142367	-0.00062195	6.20599572	-91.30644416
0.00133589	-0.00058421	6.08833912	-89.51054735
0.00106111	-0.00046453	5.88309419	-87.77041147
0.00219208	-0.00096064	5.73636929	-86.09785051
0.00213174	-0.00093517	5.54487366	-84.49665729
0.00200999	-0.00088268	5.40095474	-82.95963946
0.00198135	-0.00087101	5.32047441	-81.42997130
0.00231116	-0.00101705	5.19583405	-80.01747031
0.00112997	-0.00049777	5.07958691	-78.62206929
0.00122620	-0.00054073	4.95925186	-77.26937216
0.00187006	-0.00082551	4.85434779	-75.96614161
0.00163010	-0.00072033	4.81162149	-74.73243981
0.00177046	-0.00078317	4.65744710	-73.52274288
0.00227428	-0.00100707	4.59211918	-72.34476852
0.00124195	-0.00055052	4.53189166	-71.24888368
0.00122280	-0.00054259	4.37583478	-70.11331102
0.00166271	-0.00073856	4.35627908	-69.03505660
0.00175631	-0.00078094	4.35530136	-68.06348376
0.00179238	-0.00079780	4.19369520	-67.05238014
0.00239229	-0.00106592	4.12026560	-66.08870746
0.00146426	-0.00065310	4.04311611	-65.13642101
0.00134504	-0.00060054	3.94216716	-64.21679995
0.00153581	-0.00068642	3.86718840	-63.29138922
0.00084901	-0.00037985	3.80818677	-62.40007026
0.00135742	-0.00060794	3.79363081	-61.53441475
0.00161405	-0.00072362	3.74024094	-60.72930238
0.00221289	-0.00099312	3.68584750	-59.90578361
0.00149085	-0.00066976	3.63635712	-59.10679312
0.00154056	-0.00069280	3.60692045	-58.35966909
0.00185261	-0.00083399	3.55542783	-57.60757749
0.00171790	-0.00077414	3.53460926	-56.88007520
0.00136974	-0.00061788	3.46228412	-56.19271895
0.00128853	-0.00058184	3.43002552	-55.46325034
0.00188576	-0.00085240	3.42555918	-54.80460457
0.00141618	-0.00064079	3.37734300	-54.17812266
0.00172991	-0.00078354	3.34475380	-53.53150423
0.00105917	-0.00048023	3.29369015	-52.87530518
0.00181209	-0.00082244	3.26790607	-52.27704083
0.00165884	-0.00075366	3.22792349	-51.68242843
0.00161229	-0.00073325	3.21014391	-51.10600671
0.00145771	-0.00066363	3.16215647	-50.47664540
0.00156252	-0.00071206	3.18037877	-49.91836566
0.00178761	-0.00081547	3.18183544	-49.36426652
0.00195543	-0.00089293	3.22051200	-48.84667403
0.00163037	-0.00074525	3.16391945	-48.34795205
0.00208668	-0.00095480	3.17150839	-47.86464578
0.00178633	-0.00081820	3.14469875	-47.37719586
0.00212188	-0.00097288	3.13615396	-46.94928866
0.00188426	-0.00086481	3.11501148	-46.43917336
0.00221008	-0.00101537	3.08366449	-46.05907397
0.00203729	-0.00093693	3.02443948	-45.60230593
0.00292545	-0.00134675	2.96982921	-45.12605844
0.00322276	-0.00148512	2.94031117	-44.71219399
0.00232944	-0.00107453	2.86872298	-44.25409491
0.00307681	-0.00142072	2.84774643	-43.86642146
0.00265805	-0.00122859	2.79955488	-43.40771910
0.00294335	-0.00136183	2.77177284	-42.95392373
0.00294207	-0.00136261	2.78723832	-42.56042539
0.00284802	-0.00132038	2.73218960	-42.14327000
0.00163978	-0.00076099	2.71144370	-41.76899640
0.00219964	-0.00102183	2.73115112	-41.37233600
0.00224162	-0.00104238	2.67963562	-40.97735142
0.00287444	-0.00133799	2.67069894	-40.56982211
0.00269629	-0.00125632	2.68477093	-40.22432054
0.00307417	-0.00143383	2.67871616	-39.87838362
0.00253261	-0.00118242	2.63950761	-39.52859644
0.00317581	-0.00148420	2.68592072	-39.16047223
0.00250067	-0.00116985	2.65998634	-38.84878701
0.00293945	-0.00137649	2.64756283	-38.51759958
0.00297515	-0.00139459	2.66194548	-38.22956489
0.00271601	-0.00127439	2.62845304	-37.92929630
0.00294577	-0.00138358	2.57489907	-37.64222746
0.00292238	-0.00137396	2.56569588	-37.32641595
0.00342819	-0.00161337	2.56763423	-37.00575991
0.00256843	-0.00120996	2.50467019	-36.71317623
0.00343708	-0.00162078	2.52432618	-36.39508744
0.00309242	-0.00145970	2.52356523	-36.14334979
0.00319758	-0.00151084	2.49749623	-35.84971874
0.00333100	-0.00157544	2.44810450	-35.55836358
0.00242528	-0.00114821	2.43221093	-35.26699831
0.00301469	-0.00142867	2.41454045	-34.98879866
0.00253217	-0.00120120	2.43691340	-34.70910946
0.00352497	-0.00167381	2.39627114	-34.42576420
0.00368659	-0.00175229	2.41265148	-34.17216913
0.00274411	-0.00130560	2.40035079	-33.92934555
0.00377635	-0.00179850	2.41725605	-33.70879482
0.00326004	-0.00155414	2.37971400	-33.47826232
0.00327871	-0.00156458	2.35107850	-33.22238144
0.00376124	-0.00179662	2.32642839	-32.97258375
0.00371318	-0.00177541	2.33272364	-32.70514835
0.00356819	-0.00170776	2.33324777	-32.46497386
0.00308406	-0.00147751	2.31440622	-32.24762935
0.00292671	-0.00140351	2.31574993	-32.00232898
0.00354473	-0.00170155	2.37929438	-31.77852696
0.00298186	-0.00143277	2.33094266	-31.57345091
0.00348163	-0.00167455	2.34566854	-31.35531463
0.00328122	-0.00157971	2.30139317	-31.15785454
0.00371364	-0.00178965	2.27591199	-30.92527063
0.00331030	-0.00159684	2.25113092	-30.72934561
0.00332359	-0.00160482	2.24361547	-30.57379667
0.00286177	-0.00138318	2.23761243	-30.31832352
0.00270161	-0.00130705	2.20525691	-30.13116631
0.00278309	-0.00134779	2.21227674	-29.92682747
0.00253354	-0.00122813	2.19568025	-29.70321004
0.00291331	-0.00141361	2.17382224	-29.48393769
0.00260580	-0.00126563	2.17351556	-29.30365325
0.00271679	-0.00132083	2.16855571	-29.11476336
0.00344835	-0.00167813	2.17777250	-28.96768388
0.00289140	-0.00140846	2.13153801	-28.76326175
0.00289810	-0.00141310	2.14094016	-28.57844714
0.00241090	-0.00117669	2.13818063	-28.40508521
0.00366060	-0.00178837	2.11531671	-28.22455315
0.00293655	-0.00143603	2.09608699	-28.02222333
0.00287546	-0.00140752	2.11631054	-27.83867543
0.00288121	-0.00141171	2.08722595	-27.67509298
0.00262609	-0.00128796	2.08814580	-27.48785769
0.00296399	-0.00145509	2.06688434	-27.34670951
0.00297796	-0.00146337	2.06487008	-27.14527540
0.00275037	-0.00135284	2.04661741	-26.97906738
0.00266681	-0.00131300	2.04749015	-26.84580534
0.00241126	-0.00118833	2.00891652	-26.65944937
0.00284488	-0.00140339	2.02733605	-26.49360460
0.00192271	-0.00094940	2.04977026	-26.31438250
0.00274025	-0.00135439	2.02705817	-26.16277638
0.00266560	-0.00131877	1.99367481	-26.02874533
0.00220233	-0.00109062	1.97794768	-25.85968386
0.00311615	-0.00154465	1.99799098	-25.66996311
0.00289393	-0.00143588	2.00087857	-25.52052246
0.00364268	-0.00180912	2.02868013	-25.37477419
0.00289732	-0.00144033	2.01123070	-25.22704354
0.00320515	-0.00159489	2.04337199	-25.05770863
0.00281240	-0.00140080	2.01676745	-24.91045044
0.00254760	-0.00127013	2.04858468	-24.79488066
0.00275354	-0.00137413	2.02881281	-24.64042851
0.00283643	-0.00141685	2.02870439	-24.53377088
0.00285058	-0.00142528	2.03183580	-24.38463253
0.00318148	-0.00159226	2.05102336	-24.23213761
0.00358950	-0.00179818	2.09431844	-24.08851137
0.00307077	-0.00153979	2.11525076	-23.98836609
0.00291998	-0.00146559	2.13958767	-23.89330288
0.00291623	-0.00146510	2.12898809	-23.80787327
0.00240941	-0.00121164	2.12481250	-23.72883053
0.00296757	-0.00149375	2.06999551	-23.63451531
0.00230430	-0.00116100	2.00749768	-23.51514207
0.00337045	-0.00169978	2.02335815	-23.40677391
0.00334814	-0.00169014	1.94632620	-23.27167425
0.00288011	-0.00145527	1.94383161	-23.13676212
0.00246836	-0.00124840	1.90665515	-23.02176684
0.00277656	-0.00140562	1.89950764	-22.86222198
0.00280197	-0.00141983	1.90166452	-22.71123034
0.00379644	-0.00192559	1.87904954	-22.60010052
0.00295010	-0.00149774	1.88044592	-22.45351502
0.00340549	-0.00173058	1.88701988	-22.30103122
0.00358094	-0.00182147	1.90811801	-22.21676458
0.00321054	-0.00163461	1.87893521	-22.06875068
0.00356512	-0.00181687	1.89665249	-21.98396813
0.00316731	-0.00161566	1.86378572	-21.83010917
0.00265661	-0.00135643	1.88894331	-21.73233029
0.00318933	-0.00162998	1.89011047	-21.60258065
0.00240464	-0.00123011	1.93457407	-21.43441959
0.00314937	-0.00161260	1.96351888	-21.34781215
0.00335299	-0.00171849	2.00856353	-21.21785532
0.00301207	-0.00154522	2.09029155	-21.11967466
0.00357055	-0.00183345	2.11222039	-21.10082311
0.00339917	-0.00174710	2.14784182	-21.09875094
0.00275913	-0.00141947	2.10685099	-21.06889599
0.00347974	-0.00179188	2.01561487	-20.99847783
0.00349296	-0.00180039	1.99703193	-20.93311855
0.00345956	-0.00178485	1.95933732	-20.80151106
0.00397660	-0.00205353	1.93469645	-20.68555102
0.00410855	-0.00212367	1.89010741	-20.59724210
0.00305351	-0.00157981	1.87375282	-20.48666390
0.00317293	-0.00164314	1.87537762	-20.40881448
0.00416196	-0.00215735	1.85845759	-20.27408896
0.00370403	-0.00192178	1.82963329	-20.20050642
0.00401388	-0.00208450	1.83613007	-20.08747023
0.00422717	-0.00219732	1.81989986	-19.96920095
0.00370731	-0.00192890	1.82207352	-19.89969029
0.00326659	-0.00170119	1.80666771	-19.78932446
0.00366179	-0.00190879	1.78898405	-19.72546013
0.00357055	-0.00186297	1.82204068	-19.61071078
0.00410379	-0.00214319	1.80478245	-19.50766572
0.00316027	-0.00165198	1.80569078	-19.42690513
0.00416659	-0.00218006	1.81341593	-19.35784599
0.00344865	-0.00180610	1.79532428	-19.26321574
0.00316306	-0.00165808	1.78876907	-19.18196791
0.00331261	-0.00173809	1.78567316	-19.11528490
0.00387611	-0.00203565	1.78298929	-19.02639880
0.00396110	-0.00208223	1.75999054	-18.95905437
0.00343161	-0.00180557	1.73981324	-18.87082009
0.00434893	-0.00229035	1.76266110	-18.78048190
0.00444669	-0.00234402	1.73257734	-18.68473548
0.00361030	-0.00190490	1.72729517	-18.59637747
0.00373484	-0.00197244	1.75619253	-18.51074571
0.00432177	-0.00228453	1.72970664	-18.43440690
0.00340470	-0.00180143	1.72010246	-18.31687175
0.00418541	-0.00221656	1.72565607	-18.26846420
0.00419816	-0.00222537	1.68952720	-18.19253211
0.00356683	-0.00189246	1.68562061	-18.10401346
0.00456474	-0.00242417	1.69582245	-18.02471916
0.00379543	-0.00201748	1.69492708	-17.92720447
0.00438648	-0.00233382	1.67998444	-17.85853748
0.00384144	-0.00204572	1.69495713	-17.77229760
0.00362422	-0.00193183	1.67780145	-17.70430388
0.00411013	-0.00219286	1.68124074	-17.64844817
0.00382044	-0.00204019	1.68804989	-17.53816867
0.00340565	-0.00182036	1.66977207	-17.48596469
0.00428593	-0.00229299	1.66785723	-17.38209813
0.00425279	-0.00227736	1.69438751	-17.31131715
0.00417137	-0.00223582	1.69231201	-17.23957854
0.00409543	-0.00219714	1.69352708	-17.14558129
0.00362111	-0.00194446	1.68109889	-17.11004687
0.00414780	-0.00222933	1.73470937	-17.03331258
0.00397579	-0.00213884	1.71381384	-16.97212126
0.00284738	-0.00153320	1.69698736	-16.95136453
0.00318134	-0.00171461	1.69571111	-16.86368574
0.00412145	-0.00222332	1.69004332	-16.80800979
0.00442996	-0.00239195	1.68260841	-16.72054460
0.00398639	-0.00215441	1.66722611	-16.68413738
0.00267053	-0.00144459	1.70144585	-16.57948807
0.00342857	-0.00185634	1.65900336	-16.54408860
0.00385044	-0.00208667	1.65342292	-16.47351240
0.00313515	-0.00170059	1.67038157	-16.43995511
0.00415380	-0.00225519	1.64624497	-16.34662662
0.00325603	-0.00176939	1.63088346	-16.31432835
0.00327358	-0.00178055	1.62261639	-16.24826228
0.00341678	-0.00186014	1.58765379	-16.16745383
0.00351727	-0.00191660	1.61764973	-16.06570864
0.00344305	-0.00187787	1.59676369	-16.01314908
0.00341071	-0.00186192	1.61622623	-15.91664031
0.00321541	-0.00175691	1.58206104	-15.85169061
0.00416254	-0.00227650	1.58630465	-15.80987716
0.00330353	-0.00180835	1.59002494	-15.74767432
0.00342333	-0.00187564	1.62593206	-15.65369646
0.00349193	-0.00191497	1.60649861	-15.57743355
0.00433872	-0.00238151	1.61256153	-15.54728601
0.00368098	-0.00202231	1.64548581	-15.48590497
0.00364107	-0.00200221	1.64049168	-15.41153605
0.00374405	-0.00206070	1.62673896	-15.32012607
0.00320064	-0.00176321	1.66449112	-15.33710252
0.00319138	-0.00175970	1.66168514	-15.24995253
0.00359273	-0.00198280	1.64155417	-15.22123393
0.00333811	-0.00184395	1.63295937	-15.17854154
0.00284496	-0.00157296	1.61200275	-15.12237370
0.00378712	-0.00209578	1.58427595	-15.05874871
0.00358125	-0.00198365	1.60797109	-14.97730382
0.00371381	-0.00205893	1.57440348	-14.91308072
0.00370460	-0.00205568	1.60121096	-14.85337738
0.00356752	-0.00198140	1.64252820	-14.79531742
0.00366842	-0.00203929	1.65384245	-14.71439646
0.00355817	-0.00197978	1.68410884	-14.68390841
0.00316603	-0.00176319	1.70699713	-14.64871023
0.00377766	-0.00210571	1.70233960	-14.64078483
0.00323050	-0.00180234	1.68308137	-14.61694519
0.00395104	-0.00220632	1.65059494	-14.55752482
0.00351802	-0.00196629	1.63477899	-14.51000582
0.00379945	-0.00212550	1.62174813	-14.42689924
0.00376594	-0.00210865	1.61141373	-14.36992851
0.00389960	-0.00218545	1.59960382	-14.29607182
0.00417238	-0.00234043	1.63962481	-14.22384224
0.00421900	-0.00236871	1.65051466	-14.19971884
0.00340683	-0.00191444	1.68072667	-14.17256140
0.00439834	-0.00247384	1.59659221	-14.14108964
0.00379416	-0.00213593	1.63745675	-14.10331538
0.00453861	-0.00255731	1.58363178	-14.08233328
0.00441411	-0.00248939	1.58353925	-14.03825137
0.00465069	-0.00262517	1.57034353	-13.95442448
0.00493733	-0.00278946	1.55408143	-13.92351030
0.00486921	-0.00275345	1.55922897	-13.81413344
0.00422517	-0.00239139	1.59952099	-13.80006376
0.00391245	-0.00221638	1.56799859	-13.72345416
0.00498150	-0.00282451	1.59399108	-13.69733079
0.00525379	-0.00298156	1.53936679	-13.62972511
0.00467528	-0.00265562	1.57592088	-13.59884626
0.00478516	-0.00272046	1.58595025	-13.52952983
0.00427519	-0.00243271	1.58483619	-13.47826284
0.00421615	-0.00240125	1.54940873	-13.46454784
0.00418935	-0.00238811	1.55613433	-13.37615843
0.00495175	-0.00282523	1.58125688	-13.33169157
0.00439316	-0.00250876	1.54517277	-13.29868297
0.00438742	-0.00250772	1.56650982	-13.24993147
0.00460082	-0.00263203	1.58792360	-13.17399647
0.00370785	-0.00212307	1.57833642	-13.15065538
0.00478350	-0.00274141	1.61813064	-13.11076370
0.00448163	-0.00257069	1.58651481	-13.05191277
0.00449067	-0.00257817	1.60177531	-13.04196193
0.00425655	-0.00244593	1.63695163	-12.98756641
0.00529866	-0.00304745	1.64134709	-12.92690135
0.00432854	-0.00249171	1.63266780	-12.89177661
0.00423516	-0.00244012	1.62424928	-12.83481982
0.00388494	-0.00224032	1.64669725	-12.80549758
0.00471110	-0.00271915	1.65916741	-12.76758577
0.00416555	-0.00240640	1.66389441	-12.70106307
0.00398627	-0.00230487	1.71093681	-12.67593602
0.00405488	-0.00234662	1.76481183	-12.61649440
0.00408546	-0.00236641	1.84886954	-12.59382095
0.00448101	-0.00259781	1.89929766	-12.65865533
0.00452582	-0.00262611	1.91295604	-12.76662289
0.00453842	-0.00263575	1.80617429	-12.86331844
0.00424556	-0.00246784	1.70136764	-12.83574348
0.00424055	-0.00246711	1.62058482	-12.76070154
0.00502769	-0.00292764	1.56676541	-12.71064068
0.00452810	-0.00263905	1.51294620	-12.62065222
0.00416006	-0.00242669	1.53231798	-12.59663500
0.00435273	-0.00254132	1.51059429	-12.54272644
0.00460645	-0.00269182	1.51891871	-12.51137302
0.00424210	-0.00248110	1.45588683	-12.44605071
0.00406453	-0.00237933	1.43769262	-12.37805166
0.00473050	-0.00277162	1.40020961	-12.33779123
0.00431594	-0.00253095	1.42608181	-12.28788986
0.00388847	-0.00228228	1.41437512	-12.23693064
0.00373273	-0.00219279	1.42532824	-12.18911190
0.00385370	-0.00226585	1.41387933	-12.13459656
0.00433402	-0.00255050	1.40859964	-12.09127659
0.00393688	-0.00231882	1.38177512	-12.03003097
0.00355613	-0.00209640	1.42252244	-12.01753983
0.00471270	-0.00278064	1.41335036	-11.96239528
0.00452577	-0.00267269	1.40796738	-11.91093166
0.00426040	-0.00251818	1.42199671	-11.89265922
0.00384555	-0.00227497	1.40744292	-11.85318359
0.00413940	-0.00245095	1.38797344	-11.82756680
0.00378402	-0.00224249	1.40252362	-11.79585286
0.00536951	-0.00318487	1.40009922	-11.76116376
0.00463714	-0.00275287	1.38386467	-11.73446309
0.00428864	-0.00254821	1.37616156	-11.64340093
0.00460912	-0.00274102	1.39358971	-11.62609937
0.00440822	-0.00262384	1.37125864	-11.55793326
0.00457804	-0.00272730	1.38626508	-11.53824506
0.00465021	-0.00277271	1.37405243	-11.51118403
0.00432541	-0.00258129	1.37874197	-11.48466029
0.00434603	-0.00259586	1.38250125	-11.44089552
0.00466065	-0.00278621	1.35566810	-11.42750496
0.00485660	-0.00290587	1.36690146	-11.40328783
0.00442398	-0.00264933	1.33347313	-11.37094768
0.00484748	-0.00290547	1.32658145	-11.32675877
0.00495987	-0.00297542	1.30027893	-11.29141035
0.00439972	-0.00264168	1.31990840	-11.24899218
0.00442280	-0.00265785	1.31765359	-11.20683448
0.00401886	-0.00241720	1.32148443	-11.15830505
0.00394032	-0.00237202	1.29627615	-11.15250768
0.00498957	-0.00300626	1.30313274	-11.07314847
0.00490023	-0.00295499	1.32293318	-11.02985116
0.00522657	-0.00315452	1.31009721	-11.01256409
0.00500069	-0.00302081	1.32554202	-10.96291650
0.00407522	-0.00246389	1.33032467	-10.94329976
0.00482448	-0.00291941	1.34496255	-10.90695166
0.00442815	-0.00268191	1.31372999	-10.88793218
0.00376778	-0.00228393	1.26383245	-10.84116662
0.00476621	-0.00289165	1.28347130	-10.80372395
0.00430828	-0.00261609	1.25579111	-10.79197259
0.00407702	-0.00247780	1.28982462	-10.72795289
0.00428246	-0.00260490	1.26198736	-10.70682611
0.00483457	-0.00294328	1.26981355	-10.68554564
0.00427393	-0.00260421	1.27733591	-10.63629867
0.00464477	-0.00283261	1.27576871	-10.61352435
0.00483795	-0.00295297	1.27691994	-10.59181529
0.00443919	-0.00271192	1.29035338	-10.53715617
0.00460023	-0.00281272	1.28345404	-10.50426721
0.00495942	-0.00303495	1.28038338	-10.48042415
0.00430870	-0.00263901	1.29588530	-10.44371722
0.00409081	-0.00250772	1.26322584	-10.39901539
0.00440569	-0.00270307	1.28878528	-10.38912503
0.00406279	-0.00249483	1.28191741	-10.34375042
0.00433118	-0.00266193	1.28118985	-10.31323719
0.00389111	-0.00239351	1.30554828	-10.27527492
0.00498446	-0.00306870	1.28051615	-10.28488601
0.00436033	-0.00268676	1.24769168	-10.23735224
0.00364346	-0.00224696	1.27954981	-10.21275977
0.00376026	-0.00232099	1.27384406	-10.17731478
0.00425381	-0.00262788	1.25893135	-10.13129793
0.00454361	-0.00280932	1.28686758	-10.11326460
0.00427461	-0.00264526	1.27576078	-10.08179109
0.00411042	-0.00254584	1.27097467	-10.07808753
0.00467592	-0.00289856	1.26779012	-10.06575941
0.00446107	-0.00276775	1.27314058	-10.03483252
0.00395768	-0.00245754	1.26622595	-9.99529090
0.00335339	-0.00208409	1.23245618	-9.97546758
0.00362284	-0.00225347	1.24610003	-9.92280665
0.00402288	-0.00250444	1.27344711	-9.88428270
0.00479589	-0.00298823	1.22685331	-9.89334739
0.00377345	-0.00235318	1.25981370	-9.83111886
0.00411271	-0.00256694	1.27196335	-9.80745971
0.00364521	-0.00227709	1.21580058	-9.81324731
0.00414840	-0.00259363	1.24583749	-9.75472239
0.00403103	-0.00252241	1.24097075	-9.75710687
0.00445015	-0.00278704	1.21633135	-9.71573446
0.00411130	-0.00257702	1.21597923	-9.67542707
0.00429524	-0.00269461	1.21865500	-9.64824887
0.00385914	-0.00242309	1.21738636	-9.65295673
0.00411608	-0.00258662	1.19560796	-9.59041213
0.00386738	-0.00243240	1.24340490	-9.60285332
0.00399193	-0.00251288	1.21588418	-9.55407198
0.00426690	-0.00268825	1.21689391	-9.51059075
0.00438813	-0.00276698	1.20706471	-9.51607051
0.00447243	-0.00282253	1.21371062	-9.52053411
0.00445478	-0.00281378	1.19305945	-9.47331034
0.00451953	-0.00285711	1.18881265	-9.48125012
0.00382965	-0.00242304	1.20821282	-9.41797878
0.00407745	-0.00258202	1.18364812	-9.39642834
0.00414794	-0.00262888	1.17401524	-9.39856361
0.00436573	-0.00276926	1.13807909	-9.37627565
0.00400430	-0.00254216	1.13145377	-9.33611180
0.00508644	-0.00323189	1.11683090	-9.30929740
0.00483045	-0.00307184	1.10895382	-9.23121714
0.00396197	-0.00252168	1.08987533	-9.23977902
0.00299543	-0.00190812	1.08532372	-9.17942830
0.00402033	-0.00256316	1.09565658	-9.13557603
0.00364380	-0.00232507	1.07625006	-9.10801335
0.00397271	-0.00253708	1.09191391	-9.09933903
0.00399160	-0.00255130	1.05501477	-9.05190746
0.00456117	-0.00291782	1.09656959	-8.99260188
0.00424154	-0.00271564	1.09961717	-8.96315245
0.00396794	-0.00254262	1.11252205	-8.94379518
0.00372321	-0.00238781	1.13371326	-8.92556882
0.00439155	-0.00281882	1.13774923	-8.93380066
0.00378478	-0.00243140	1.13629797	-8.90976264
0.00343136	-0.00220622	1.12294311	-8.88044876
0.00405029	-0.00260636	1.08742710	-8.87307165
0.00442493	-0.00284984	1.11354182	-8.85908404
0.00357020	-0.00230130	1.11194306	-8.80623986
0.00350538	-0.00226142	1.09368097	-8.78106095
0.00414858	-0.00267861	1.08836327	-8.74854672
0.00469645	-0.00303491	1.06517766	-8.71158201
0.00369010	-0.00238660	1.07079132	-8.70031774
0.00397065	-0.00257021	1.06633303	-8.67545324
0.00459388	-0.00297613	1.08534810	-8.61905553
0.00406012	-0.00263254	1.06669157	-8.61214950
0.00353735	-0.00229551	1.07937665	-8.59977211
0.00372141	-0.00241698	1.09417296	-8.54468104
0.00415841	-0.00270307	1.10332053	-8.52639727
0.00402040	-0.00261556	1.08377317	-8.50416819
0.00320103	-0.00208424	1.10822979	-8.48628888
0.00341327	-0.00222430	1.11181637	-8.43999427
0.00369290	-0.00240855	1.09521912	-8.41603352
0.00369456	-0.00241165	1.12091734	-8.43708286
0.00336879	-0.00220084	1.09448853	-8.39704179
0.00368668	-0.00241054	1.09307192	-8.38322222
0.00425486	-0.00278438	1.11883043	-8.32737883
0.00443593	-0.00290530	1.12037831	-8.32135700
0.00393847	-0.00258165	1.12535119	-8.31861324
0.00381885	-0.00250533	1.11930264	-8.29008887
0.00366788	-0.00240830	1.11863701	-8.28356112
0.00408058	-0.00268151	1.13048566	-8.30081040
0.00370787	-0.00243863	1.11185422	-8.24840576
0.00418239	-0.00275302	1.11948732	-8.26355056
0.00428876	-0.00282539	1.09011684	-8.25607354
0.00386007	-0.00254509	1.06404607	-8.22457393
0.00406746	-0.00268407	1.04530422	-8.19220542
0.00374621	-0.00247415	1.04366636	-8.18888547
0.00447581	-0.00295847	1.02691564	-8.15061749
0.00413064	-0.00273260	1.02073406	-8.12503678
0.00406389	-0.00269068	1.03275321	-8.11011690
0.00422562	-0.00280009	1.02254719	-8.06759934
0.00383873	-0.00254584	1.00565439	-8.03094773
0.00446997	-0.00296694	1.00338186	-8.00826124
0.00378761	-0.00251612	1.00748005	-7.98509166
0.00483167	-0.00321236	0.98769690	-7.95216386
0.00426616	-0.00283874	0.98986062	-7.95348287
0.00453836	-0.00302238	1.02249974	-7.92016584
0.00436534	-0.00290957	1.01025791	-7.88199044
0.00451339	-0.00301075	0.97347651	-7.85495989
0.00405639	-0.00270815	0.99216776	-7.85475571
0.00351506	-0.00234869	0.99462655	-7.83852285
0.00441741	-0.00295407	0.97833401	-7.81047470
0.00392200	-0.00262495	0.96951578	-7.78438949
0.00395716	-0.00265068	0.94632567	-7.76229957
0.00496807	-0.00333060	0.95809361	-7.70817220
0.00433050	-0.00290558	0.97114832	-7.67018420
0.00421869	-0.00283290	0.95112534	-7.69666799
0.00404582	-0.00271907	0.96708528	-7.64883706
0.00416297	-0.00280012	0.97958692	-7.62619060
0.00405455	-0.00272945	0.96254473	-7.61388984
0.00446253	-0.00300659	0.96277671	-7.58181087
0.00407659	-0.00274883	0.96901223	-7.55739010
0.00448014	-0.00302345	0.96194975	-7.54066216
0.00389656	-0.00263179	0.96263812	-7.53040027
0.00452181	-0.00305662	0.96202577	-7.51397192
0.00327612	-0.00221640	0.97987150	-7.49348195
0.00406789	-0.00275433	0.95739330	-7.47881330
0.00409575	-0.00277548	0.93990809	-7.47797890
0.00412201	-0.00279559	0.96369824	-7.44279955
0.00436141	-0.00296039	0.94701745	-7.40272712
0.00413140	-0.00280659	0.92285394	-7.38494586
0.00358224	-0.00243553	0.91210402	-7.37185930
0.00423007	-0.00287836	0.94711042	-7.34998438
0.00431884	-0.00294119	0.93157383	-7.30637967
0.00467909	-0.00318915	0.92062676	-7.27617208
0.00457233	-0.00311895	0.91989514	-7.25615945
0.00472679	-0.00322697	0.94220835	-7.24796086
0.00395420	-0.00270175	0.94525577	-7.21124591
0.00421954	-0.00288542	0.92672067	-7.21765065
0.00389883	-0.00266831	0.90422590	-7.19746069
0.00486675	-0.00333348	0.94178852	-7.16792462
0.00405634	-0.00278068	0.92276259	-7.15946054
0.00476978	-0.00327243	0.91218376	-7.17512488
0.00394860	-0.00271127	0.90356938	-7.15264238
0.00378868	-0.00260360	0.92343084	-7.11215538
0.00390007	-0.00268235	0.90935993	-7.09056809
0.00422631	-0.00290912	0.90096325	-7.09360975
0.00421635	-0.00290465	0.93279509	-7.02039047
0.00325798	-0.00224627	0.90372025	-7.02189854
0.00438285	-0.00302431	0.90750901	-7.01951606
0.00419054	-0.00289398	0.92732549	-7.00339965
0.00415791	-0.00287381	0.91800455	-6.96438633
0.00420823	-0.00291097	0.92205258	-6.92834335
0.00395338	-0.00273692	0.89960994	-6.93430319
0.00465313	-0.00322400	0.89542838	-6.93298759
0.00419200	-0.00290687	0.92527253	-6.92667171
0.00423449	-0.00293875	0.89473840	-6.90690560
0.00369398	-0.00256573	0.87827960	-6.91198585
0.00413635	-0.00287534	0.87666674	-6.86570722
0.00440861	-0.00306711	0.85993708	-6.82627059
0.00405476	-0.00282324	0.85882596	-6.81240514
0.00338912	-0.00236170	0.87194745	-6.78647557
0.00392450	-0.00273702	0.85092693	-6.76280996
0.00422608	-0.00294975	0.84630039	-6.74850826
0.00330619	-0.00230956	0.84242028	-6.73057068
0.00397684	-0.00278033	0.82890361	-6.71764612
0.00409808	-0.00286743	0.83443749	-6.67388382
0.00419161	-0.00293526	0.80270566	-6.67680671
0.00330681	-0.00231756	0.83478737	-6.63870462
0.00415058	-0.00291128	0.82501173	-6.60811003
0.00417486	-0.00293070	0.80142911	-6.60414775
0.00382985	-0.00269070	0.80864808	-6.57879649
0.00385836	-0.00271294	0.80395159	-6.54997404
0.00399732	-0.00281294	0.81323586	-6.53366826
0.00315639	-0.00222298	0.82473621	-6.49808525
0.00360345	-0.00253991	0.80945696	-6.46732206
0.00377834	-0.00266535	0.82068393	-6.46087807
0.00456550	-0.00322325	0.81769334	-6.43028096
0.00406514	-0.00287233	0.81321138	-6.41334069
0.00382907	-0.00270773	0.83202945	-6.40868858
0.00431691	-0.00305519	0.84744598	-6.38006017
0.00402495	-0.00285088	0.82712086	-6.36188481
0.00367991	-0.00260861	0.83823529	-6.32445258
0.00380750	-0.00270125	0.86570548	-6.34206249
0.00352825	-0.00250517	0.85809120	-6.32960001
0.00426383	-0.00302992	0.84150913	-6.31269669
0.00407810	-0.00290029	0.89160693	-6.33014228
0.00348937	-0.00248361	0.85052466	-6.29888244
0.00392395	-0.00279520	0.84680626	-6.26784978
0.00376792	-0.00268623	0.83237322	-6.26571764
0.00383817	-0.00273853	0.80362747	-6.29114933
0.00380245	-0.00271524	0.81960210	-6.27370610
0.00372904	-0.00266498	0.78888940	-6.22299524
0.00385143	-0.00275468	0.78494153	-6.21184784
0.00386069	-0.00276355	0.74609518	-6.18909669
0.00391000	-0.00280111	0.74623006	-6.14239027
0.00340653	-0.00244241	0.75712630	-6.13619834
0.00347324	-0.00249225	0.75445815	-6.08375882
0.00353463	-0.00253836	0.76514304	-6.06316571
0.00350673	-0.00252036	0.77867421	-6.05436283
0.00375531	-0.00270120	0.80343279	-6.05403282
0.00365338	-0.00263001	0.79736844	-6.06589627
0.00373931	-0.00269405	0.77888722	-6.01457627
0.00359430	-0.00259166	0.77845041	-6.01756806
0.00329815	-0.00238005	0.77074339	-6.02163295
0.00343705	-0.00248229	0.75992353	-5.96186058
0.00338470	-0.00244646	0.73015534	-5.97365772
0.00354615	-0.00256523	0.76229650	-5.93729012
0.00391467	-0.00283410	0.72800440	-5.90520509
0.00319945	-0.00231817	0.72358812	-5.89091595
0.00338310	-0.00245321	0.75171854	-5.87464660
0.00422797	-0.00306834	0.73313233	-5.84047556
0.00335969	-0.00244017	0.75072952	-5.85077372
0.00421190	-0.00306161	0.74952149	-5.82748259
0.00302229	-0.00219865	0.73767607	-5.80285071
0.00420893	-0.00306438	0.73012705	-5.77029110
0.00355551	-0.00259073	0.70286567	-5.76352698
0.00402402	-0.00293448	0.73082770	-5.73729712
0.00403517	-0.00294498	0.73388945	-5.72564310
0.00368472	-0.00269138	0.72682161	-5.69512866
0.00335050	-0.00244923	0.71411971	-5.69615473
0.00348150	-0.00254704	0.70169785	-5.65212536
0.00382626	-0.00280152	0.72438363	-5.66087047
0.00334357	-0.00245007	0.73082263	-5.60539542
0.00357038	-0.00261838	0.74374450	-5.62335631
0.00396108	-0.00290724	0.73852508	-5.58583928
0.00340197	-0.00249889	0.73465915	-5.58403480
0.00366545	-0.00269459	0.75299956	-5.55636442
0.00372862	-0.00274323	0.74357274	-5.51601614
0.00379135	-0.00279162	0.74559503	-5.54132965
0.00363861	-0.00268131	0.72376513	-5.54795836
0.00418012	-0.00308283	0.74657487	-5.52935633
0.00337952	-0.00249439	0.72682045	-5.53569713
0.00349300	-0.00258022	0.71184705	-5.51124965
0.00348629	-0.00257733	0.70164954	-5.47949691
0.00350955	-0.00259661	0.70129839	-5.48725073
0.00392062	-0.00290307	0.68504767	-5.45413468
0.00345561	-0.00256080	0.68249438	-5.41759763
0.00331919	-0.00246168	0.64879713	-5.40757998
0.00383786	-0.00284863	0.66506324	-5.39257069
0.00314573	-0.00233678	0.67500419	-5.34487362
0.00319389	-0.00237445	0.65055855	-5.34128256
0.00314555	-0.00234039	0.65429148	-5.30532755
0.00349844	-0.00260503	0.67840486	-5.31675264
0.00301480	-0.00224670	0.67324262	-5.29712414
0.00366509	-0.00273350	0.65733662	-5.29570777
0.00377704	-0.00281924	0.67298014	-5.26580420
0.00340373	-0.00254263	0.67198912	-5.23222320
0.00351377	-0.00262694	0.67739369	-5.22888629
0.00355084	-0.00265677	0.65174587	-5.20154514
0.00349553	-0.00261748	0.65999008	-5.20135385
0.00416487	-0.00312118	0.66880320	-5.18424205
0.00383799	-0.00287851	0.65349002	-5.16411752
0.00386979	-0.00290469	0.67067937	-5.12096809
0.00348184	-0.00261557	0.65257822	-5.12557605
0.00420584	-0.00316197	0.66601448	-5.10156032
0.00334022	-0.00251320	0.62784855	-5.10311181
0.00343393	-0.00258577	0.63734327	-5.07950643
0.00394261	-0.00297118	0.63945510	-5.06871857
0.00446527	-0.00336775	0.65596661	-5.06558306
0.00375332	-0.00283304	0.65357264	-5.05573524
0.00321847	-0.00243127	0.65773766	-4.99223253
0.00355923	-0.00269084	0.66386371	-5.00231842
0.00422018	-0.00319306	0.66841007	-4.98064833
0.00416417	-0.00315320	0.64150389	-4.95914466
0.00402998	-0.00305402	0.64844148	-4.94258106
0.00341564	-0.00259052	0.64035913	-4.92818696
0.00410569	-0.00311635	0.63859098	-4.92652314
0.00339464	-0.00257870	0.63521329	-4.90249458
0.00434310	-0.00330181	0.64768236	-4.87971845
0.00408145	-0.00310536	0.63748694	-4.88239207
0.00311760	-0.00237391	0.65515310	-4.87853676
0.00320681	-0.00244378	0.64806627	-4.85985162
0.00391694	-0.00298732	0.65194961	-4.81399416
0.00336095	-0.00256532	0.65750910	-4.80801815
0.00377195	-0.00288131	0.63559498	-4.81826470
0.00335075	-0.00256161	0.62521438	-4.79548803
0.00353693	-0.00270609	0.63370431	-4.81034325
0.00328931	-0.00251863	0.61728688	-4.76083051
0.00321107	-0.00246068	0.63142081	-4.74811264
0.00327978	-0.00251533	0.65110378	-4.72674531
0.00363612	-0.00279083	0.60369212	-4.69808862
0.00366824	-0.00281772	0.60000396	-4.71010066
0.00294582	-0.00226460	0.62580426	-4.71331670
0.00361831	-0.00278379	0.59064102	-4.67446969
0.00307854	-0.00237038	0.59248560	-4.66558930
0.00325725	-0.00250998	0.58412542	-4.65686237
0.00382199	-0.00294749	0.57442946	-4.61707125
0.00352101	-0.00271753	0.57061985	-4.64264963
0.00315542	-0.00243730	0.58411807	-4.59438164
0.00274840	-0.00212459	0.57969536	-4.58107002
0.00392291	-0.00303493	0.58398112	-4.56517111
0.00308906	-0.00239172	0.54479466	-4.55981245
0.00386986	-0.00299863	0.57196526	-4.52237019
0.00334644	-0.00259511	0.54575548	-4.50753033
0.00314245	-0.00243885	0.56532860	-4.50332592
0.00320060	-0.00248595	0.57256012	-4.47220543
0.00273623	-0.00212694	0.55701547	-4.45043726
0.00341526	-0.00265688	0.55390428	-4.44718558
0.00409471	-0.00318797	0.56663710	-4.44025149
0.00310965	-0.00242296	0.53810463	-4.38928313
0.00356579	-0.00278057	0.57859579	-4.39225678
0.00272151	-0.00212389	0.56856055	-4.36744682
0.00387273	-0.00302470	0.58045432	-4.36337720
0.00344041	-0.00268917	0.55931591	-4.34056615
0.00347462	-0.00271806	0.57449113	-4.32566519
0.00379601	-0.00297182	0.56869429	-4.30615466
0.00315940	-0.00247538	0.56513749	-4.30977701
0.00336409	-0.00263784	0.56237299	-4.30846858
0.00441512	-0.00346470	0.57456907	-4.28341545
0.00357596	-0.00280840	0.54611643	-4.27505245
0.00430842	-0.00338632	0.56520691	-4.27251743
0.00413509	-0.00325265	0.54849350	-4.25326600
0.00301624	-0.00237443	0.52225572	-4.24262458
0.00345069	-0.00271859	0.51951361	-4.20020718
0.00406720	-0.00320683	0.53637554	-4.19875905
0.00313052	-0.00247024	0.53450811	-4.16925191
0.00339873	-0.00268399	0.53567625	-4.17086136
0.00363812	-0.00287531	0.52798051	-4.15552033
0.00427191	-0.00337888	0.54100797	-4.16038317
0.00378912	-0.00299938	0.50484422	-4.14235492
0.00360527	-0.00285609	0.52056258	-4.12549206
0.00371714	-0.00294704	0.51545836	-4.09831279
0.00422894	-0.00335544	0.47743109	-4.08816518
0.00352387	-0.00279821	0.50483118	-4.07004881
0.00439729	-0.00349452	0.50796054	-4.04153714
0.00374446	-0.00297806	0.49853449	-4.01503640
0.00377406	-0.00300397	0.51415231	-3.98036951
0.00405577	-0.00323073	0.49912664	-3.99455533
0.00355043	-0.00283042	0.48337735	-3.96965205
0.00342031	-0.00272883	0.51278803	-3.94149637
0.00392738	-0.00313585	0.50373565	-3.93523372
0.00356391	-0.00284787	0.50385433	-3.89147012
0.00385500	-0.00308291	0.49443511	-3.91367849
0.00381522	-0.00305349	0.49293329	-3.89450366
0.00370061	-0.00296410	0.49674622	-3.91270460
0.00412934	-0.00331010	0.49888606	-3.86760079
0.00424074	-0.00340207	0.51107916	-3.85629909
0.00366652	-0.00294372	0.51681284	-3.84497686
0.00404987	-0.00325405	0.47962543	-3.80349213
0.00347270	-0.00279249	0.49290162	-3.80522045
0.00383880	-0.00308931	0.44568990	-3.78064955
0.00329407	-0.00265302	0.48213175	-3.75626814
0.00377717	-0.00304449	0.46887248	-3.78085523
0.00347246	-0.00280108	0.50809921	-3.74468704
0.00326791	-0.00263815	0.49739447	-3.75685125
0.00351447	-0.00283942	0.49250239	-3.74417801
0.00412475	-0.00333509	0.45758145	-3.71829932
0.00416483	-0.00337014	0.47808428	-3.71178837
0.00352883	-0.00285774	0.49172927	-3.69742735
0.00365917	-0.00296562	0.45611740	-3.69070460
0.00393057	-0.00318807	0.48487548	-3.67897739
0.00368779	-0.00299350	0.47216837	-3.63800932
0.00341513	-0.00277435	0.44620361	-3.62815262
0.00372342	-0.00302716	0.46374131	-3.62395372
0.00329156	-0.00267816	0.43728881	-3.59116572
0.00409489	-0.00333439	0.45069427	-3.57544661
0.00329977	-0.00268904	0.45867896	-3.54637125
0.00355344	-0.00289803	0.45073621	-3.56831467
0.00337283	-0.00275289	0.45732139	-3.52408580
0.00331969	-0.00271164	0.44108970	-3.49778173
0.00355516	-0.00290625	0.44184857	-3.49864206
0.00309285	-0.00253031	0.44435352	-3.47067787
0.00354325	-0.00290106	0.45400005	-3.48767470
0.00331532	-0.00271656	0.45634559	-3.45785663
0.00355562	-0.00291574	0.45286953	-3.42385433
0.00361131	-0.00296373	0.44691706	-3.42751142
0.00376042	-0.00308851	0.44420180	-3.41899991
0.00360479	-0.00296301	0.42602893	-3.41033306
0.00404760	-0.00332958	0.42179838	-3.39302935
0.00362736	-0.00298622	0.44674022	-3.37707314
0.00336526	-0.00277261	0.44087903	-3.36434106
0.00345387	-0.00284784	0.43639147	-3.35811678
0.00355410	-0.00293278	0.44724329	-3.30306113
0.00354670	-0.00292895	0.44273502	-3.30711250
0.00379926	-0.00313998	0.44250124	-3.31102426
0.00375629	-0.00310689	0.44999673	-3.27479860
0.00390418	-0.00323174	0.46376509	-3.27050658
0.00435000	-0.00360358	0.46379619	-3.25686073
0.00328067	-0.00271986	0.43609892	-3.22222255
0.00355005	-0.00294549	0.44398815	-3.22017235
0.00389797	-0.00323668	0.44816230	-3.21144431
0.00358126	-0.00297603	0.41808895	-3.20637914
0.00338720	-0.00281695	0.44376286	-3.21829855
0.00384483	-0.00320004	0.43261095	-3.17257301
0.00331261	-0.00275922	0.39626048	-3.16262190
0.00316022	-0.00263435	0.43758199	-3.13971082
0.00316797	-0.00264287	0.40565359	-3.13466618
0.00296285	-0.00247367	0.39929466	-3.13250642
0.00328343	-0.00274346	0.43019352	-3.11371390
0.00368490	-0.00308131	0.41509595	-3.09801832
0.00358543	-0.00300047	0.42754579	-3.09660102
0.00363638	-0.00304548	0.41244750	-3.07582646
0.00346736	-0.00290619	0.42038641	-3.07847830
0.00365685	-0.00306740	0.40143821	-3.04461822
0.00336539	-0.00282512	0.42920721	-3.05303837
0.00320561	-0.00269308	0.44682486	-3.02268438
0.00349529	-0.00293874	0.41048962	-2.99982141
0.00277142	-0.00233194	0.41797222	-2.98511380
0.00304258	-0.00256210	0.42153072	-2.98096430
0.00313650	-0.00264325	0.42845790	-2.94432300
0.00282609	-0.00238350	0.42539756	-2.93251162
0.00343018	-0.00289524	0.40084294	-2.93897452
0.00345742	-0.00292050	0.41792819	-2.93193569
0.00302875	-0.00256039	0.41561047	-2.93823006
0.00321979	-0.00272402	0.41906024	-2.93917072
0.00352348	-0.00298326	0.38086329	-2.94143945
0.00321396	-0.00272331	0.35675005	-2.88924687
0.00338862	-0.00287354	0.36991595	-2.88261104
0.00355718	-0.00301883	0.39346379	-2.84149385
0.00263312	-0.00223636	0.37610530	-2.80747508
0.00233152	-0.00198174	0.34632037	-2.79980835
0.00329307	-0.00280121	0.36896439	-2.77226492
0.00268228	-0.00228343	0.36884188	-2.79542784
0.00339548	-0.00289281	0.36810296	-2.76138083
0.00311193	-0.00265330	0.36471757	-2.73227807
0.00311450	-0.00265756	0.36976161	-2.71837442
0.00318415	-0.00271910	0.38561878	-2.69639375
0.00268035	-0.00229065	0.37194152	-2.70493540
0.00320001	-0.00273689	0.38020565	-2.67867475
0.00289647	-0.00247920	0.37360890	-2.66955462
0.00297653	-0.00254971	0.38967262	-2.66168689
0.00304102	-0.00260697	0.38452833	-2.66156447
0.00233961	-0.00200723	0.37185261	-2.63027945
0.00324478	-0.00278597	0.37442225	-2.63008437
0.00291417	-0.00250405	0.36804189	-2.61955885
0.00307075	-0.00264064	0.36755616	-2.59900567
0.00283178	-0.00243704	0.36182711	-2.58902268
0.00297616	-0.00256327	0.36586995	-2.59498554
0.00327066	-0.00281910	0.37178640	-2.55999706
0.00318367	-0.00274625	0.38139513	-2.53127484
0.00282954	-0.00244267	0.35110538	-2.54810188
0.00271321	-0.00234406	0.35793521	-2.52634504
0.00310186	-0.00268191	0.36468179	-2.52082774
0.00320658	-0.00277460	0.37554790	-2.51704393
0.00346177	-0.00299774	0.36572220	-2.49847956
0.00364736	-0.00316090	0.37093901	-2.46947286
0.00291011	-0.00252393	0.35616540	-2.48232986
0.00302820	-0.00262839	0.34933345	-2.43487544
0.00307932	-0.00267483	0.33324169	-2.43246106
0.00279309	-0.00242808	0.31351098	-2.40934404
0.00253242	-0.00220318	0.33241464	-2.39648253
0.00333537	-0.00290399	0.30621122	-2.33729575
0.00326380	-0.00284387	0.32986537	-2.35866050
0.00277290	-0.00241801	0.34163269	-2.31427159
0.00385660	-0.00336561	0.35429178	-2.33027424
0.00279130	-0.00243782	0.36800658	-2.31477023
0.00339915	-0.00297100	0.36414887	-2.28659476
0.00252306	-0.00220696	0.38638373	-2.28635367
0.00300186	-0.00262781	0.37423058	-2.27886484
0.00298125	-0.00261179	0.34501036	-2.27630495
0.00279090	-0.00244692	0.35009079	-2.27336187
0.00283383	-0.00248649	0.34874372	-2.29170435
0.00270509	-0.00237536	0.36352608	-2.24321773
0.00274617	-0.00241330	0.33758425	-2.23561391
0.00295611	-0.00259981	0.34344961	-2.22774807
0.00310860	-0.00273602	0.31313771	-2.21975274
0.00220404	-0.00194138	0.30686253	-2.21120394
0.00380565	-0.00335472	0.30794439	-2.18089681
0.00273876	-0.00241611	0.28485561	-2.16698383
0.00290883	-0.00256813	0.32493249	-2.13132557
0.00331854	-0.00293211	0.29130719	-2.09664082
0.00280576	-0.00248096	0.31004983	-2.11745462
0.00275925	-0.00244173	0.30972540	-2.09279952
0.00273727	-0.00242414	0.32173680	-2.11749775
0.00324945	-0.00287996	0.32249435	-2.06163056
0.00215780	-0.00191392	0.30730216	-2.06855711
0.00299426	-0.00265789	0.30549506	-2.03601863
0.00310649	-0.00275964	0.29636060	-2.06096079
0.00308204	-0.00274004	0.30815338	-2.01289039
0.00298842	-0.00265886	0.29830291	-1.99213389
0.00283393	-0.00252336	0.30273835	-1.98768377
0.00314742	-0.00280466	0.29693341	-1.98993828
0.00301799	-0.00269139	0.30483848	-1.95941930
0.00300251	-0.00267966	0.30617207	-1.96650998
0.00319506	-0.00285371	0.29922349	-1.93797184
0.00334193	-0.00298719	0.30215068	-1.92067183
0.00300297	-0.00268629	0.30688820	-1.89741427
0.00307178	-0.00274996	0.31208852	-1.89709488
0.00284665	-0.00255038	0.29147344	-1.86869933
0.00397804	-0.00356677	0.29999309	-1.85502401
0.00289398	-0.00259679	0.27728513	-1.85334640
0.00265407	-0.00238335	0.27827359	-1.79908440
0.00306966	-0.00275868	0.29210845	-1.82699766
0.00262168	-0.00235791	0.30652405	-1.80025473
0.00311652	-0.00280511	0.31043289	-1.78837807
0.00347045	-0.00312610	0.30006226	-1.78150458
0.00341543	-0.00307890	0.32824513	-1.75206973
0.00284797	-0.00256934	0.31802877	-1.77249303
0.00309990	-0.00279878	0.31504533	-1.76193798
0.00301984	-0.00272859	0.30768109	-1.73359252
0.00331851	-0.00300078	0.31931281	-1.70687512
0.00314189	-0.00284326	0.31059600	-1.68967409
0.00323722	-0.00293179	0.30990140	-1.72759538
0.00320590	-0.00290566	0.28048040	-1.70576138
0.00340589	-0.00308930	0.30234055	-1.68773033
0.00300006	-0.00272329	0.31025988	-1.67902622
0.00240957	-0.00218896	0.28638223	-1.65726881
0.00266946	-0.00242693	0.26730009	-1.65937796
0.00268001	-0.00243840	0.29832604	-1.65579282
0.00262885	-0.00239369	0.25389468	-1.62215378
0.00307412	-0.00280129	0.24816762	-1.57400368
0.00274378	-0.00250219	0.25085050	-1.57319805
0.00266707	-0.00243411	0.25603059	-1.56513896
0.00228394	-0.00208605	0.27619182	-1.53970043
0.00265047	-0.00242269	0.25036806	-1.52598257
0.00342129	-0.00312968	0.24734382	-1.52518654
0.00343569	-0.00314526	0.26808165	-1.53075867
0.00277665	-0.00254389	0.28576633	-1.49661298
0.00232075	-0.00212785	0.26996651	-1.48139968
0.00228214	-0.00209406	0.29721227	-1.46581539
0.00300207	-0.00275678	0.27755003	-1.45134800
0.00286396	-0.00263198	0.28753655	-1.43564921
0.00243399	-0.00223856	0.28341772	-1.41226738
0.00253749	-0.00233555	0.29006897	-1.40150913
0.00176638	-0.00162706	0.28430183	-1.38692203
0.00244825	-0.00225688	0.29889411	-1.37711774
0.00300723	-0.00277430	0.27814450	-1.34301376
0.00221374	-0.00204384	0.26289965	-1.35525608
0.00295798	-0.00273307	0.27565167	-1.35024678
0.00230879	-0.00213488	0.28789313	-1.34579712
0.00332737	-0.00307910	0.27517455	-1.31733243
0.00262861	-0.00243435	0.28005398	-1.32998782
0.00196525	-0.00182141	0.27138091	-1.34497098
0.00232160	-0.00215334	0.24607473	-1.30120997
0.00223776	-0.00207717	0.25687936	-1.28310036
0.00287473	-0.00267049	0.24666540	-1.23288712
0.00271261	-0.00252182	0.23031661	-1.23620651
0.00264725	-0.00246295	0.24962923	-1.21673974
0.00209686	-0.00195239	0.24099753	-1.20165882
0.00251248	-0.00234116	0.26870714	-1.20333744
0.00186094	-0.00173538	0.25761524	-1.18926549
0.00302886	-0.00282668	0.24483541	-1.15587850
0.00240623	-0.00224734	0.27966287	-1.16327233
0.00292752	-0.00273630	0.27188084	-1.14204980
0.00263145	-0.00246146	0.28096473	-1.15408077
0.00235327	-0.00220295	0.26788152	-1.11872576
0.00305471	-0.00286178	0.28750435	-1.12850782
0.00265778	-0.00249183	0.28183445	-1.09108601
0.00231266	-0.00216993	0.27489704	-1.07933158
0.00293908	-0.00275981	0.26270641	-1.03711793
0.00270269	-0.00253979	0.27947137	-1.03047356
0.00207958	-0.00195574	0.26089201	-1.03491462
0.00270769	-0.00254840	0.27005340	-1.05636849
0.00258067	-0.00243072	0.26753689	-1.02850686
0.00276139	-0.00260294	0.24720992	-1.00665702
0.00284249	-0.00268145	0.26709041	-1.00325434
0.00232829	-0.00219806	0.27077095	-0.98217719
0.00329107	-0.00310939	0.25289553	-0.97349590
0.00266011	-0.00251519	0.26320440	-0.95361581
0.00230110	-0.00217741	0.27286891	-0.95214520
0.00245447	-0.00232432	0.25804254	-0.94448696
0.00286169	-0.00271203	0.25193745	-0.91657375
0.00269360	-0.00255469	0.24852683	-0.90615316
0.00291235	-0.00276428	0.26007802	-0.89352014
0.00293126	-0.00278437	0.27266805	-0.87484161
0.00270831	-0.00257456	0.26485113	-0.86663320
0.00255751	-0.00243308	0.26081535	-0.85937416
0.00252904	-0.00240784	0.25065485	-0.84160892
0.00289703	-0.00276032	0.24526961	-0.83798011
0.00262246	-0.00250063	0.26981582	-0.82975541
0.00322179	-0.00307447	0.24515709	-0.82036004
0.00282772	-0.00270049	0.26458484	-0.79643557
0.00347125	-0.00331761	0.22969996	-0.77615851
0.00272101	-0.00260257	0.27571042	-0.75928176
0.00254325	-0.00243443	0.24942748	-0.77401039
0.00322075	-0.00308530	0.24132269	-0.76817749
0.00266594	-0.00255579	0.20758547	-0.74618307
0.00283939	-0.00272416	0.23397267	-0.73875723
0.00257916	-0.00247639	0.23779796	-0.71693222
0.00257153	-0.00247096	0.23417398	-0.71455650
0.00267852	-0.00257574	0.20683772	-0.68855507
0.00233234	-0.00224457	0.20134074	-0.66117221
0.00281863	-0.00271464	0.22579421	-0.63197866
0.00262470	-0.00252980	0.22260116	-0.64462874
0.00247743	-0.00238969	0.20869490	-0.61547687
0.00260044	-0.00251027	0.23646789	-0.57700193
0.00243908	-0.00235631	0.22349871	-0.58373181
0.00281313	-0.00271976	0.21160236	-0.56634253
0.00309788	-0.00299736	0.25216564	-0.55874927
0.00274324	-0.00265626	0.26876222	-0.52557854
0.00294085	-0.00284979	0.23313932	-0.55398055
0.00292822	-0.00283974	0.25161537	-0.51972625
0.00257653	-0.00250059	0.24754389	-0.51480209
0.00244614	-0.00237587	0.23647180	-0.51212150
0.00287040	-0.00279008	0.23987421	-0.49722778
0.00236386	-0.00229947	0.23544798	-0.45242167
0.00242132	-0.00235717	0.23020584	-0.47113934
0.00268287	-0.00261380	0.23631885	-0.45918323
0.00247728	-0.00241535	0.21794970	-0.44834575
0.00204410	-0.00199454	0.23507643	-0.44108673
0.00228401	-0.00223034	0.22942705	-0.41239102
0.00265307	-0.00259271	0.21562887	-0.43181735
0.00265866	-0.00260018	0.23353871	-0.41201749
0.00270640	-0.00264889	0.22287049	-0.35178743
0.00268094	-0.00262599	0.23419521	-0.35109808
0.00260699	-0.00255551	0.22858061	-0.37774304
0.00267799	-0.00262713	0.24724143	-0.35002260
0.00250989	-0.00246411	0.23108241	-0.31711013
0.00238779	-0.00234603	0.22386434	-0.33146252
0.00292201	-0.00287311	0.25085313	-0.30365887
0.00293940	-0.00289243	0.22299284	-0.29583595
0.00291277	-0.00286843	0.22648398	-0.30227209
0.00205256	-0.00202287	0.21068659	-0.25470273
0.00293473	-0.00289449	0.21820742	-0.25858728
0.00252137	-0.00248871	0.22655887	-0.24676832
0.00252896	-0.00249811	0.19684883	-0.21864020
0.00255803	-0.00252877	0.24286701	-0.18229269
0.00278523	-0.00275549	0.20859983	-0.19825212
0.00255993	-0.00253453	0.20669909	-0.18366720
0.00259741	-0.00257361	0.21140506	-0.17852516
0.00249862	-0.00247763	0.22677087	-0.13772897
0.00301789	-0.00299483	0.19714849	-0.16792490
0.00281458	-0.00279522	0.21568829	-0.13240372
0.00305068	-0.00303202	0.22487447	-0.12406057
0.00285419	-0.00283890	0.22785396	-0.07658366
0.00306815	-0.00305406	0.18605251	-0.07671194
0.00309811	-0.00308625	0.19236941	-0.07107202
0.00298721	-0.00297806	0.21106642	-0.08442405
0.00319458	-0.00318724	0.23382337	-0.05325599
0.00327930	-0.00327428	0.20978814	-0.02749321
0.00286032	-0.00285813	0.20208372	-0.01267366
